Condition = CellField_2B

Iteration Number=   210000

Delta
 0.00 0.00 0.00 0.00 0.00 0.00 0.00 0.00 0.00 0.00 0.00 0.00 0.00 0.00 0.00 0.00 0.00 0.00 0.00 0.00
 0.00 0.00 0.00 0.00 0.00 0.00 0.00 0.00 0.00 0.00 0.00 0.00 0.00 0.00 0.00 0.00 0.00 0.00 0.00 0.00
 0.00 0.00 0.00 0.00 0.01 0.00 0.00 0.00 0.00 0.00 0.00 0.00 0.00 0.00 0.00 0.00 0.00 0.00 0.00 0.00
 0.00 0.00 0.00 0.01 0.00 0.01 0.00 0.00 0.00 0.00 0.00 0.00 0.00 0.00 0.00 0.00 0.00 0.00 0.00 0.00
 0.00 0.00 0.01 0.00 999.85 0.00 0.01 0.00 0.00 0.00 0.00 0.00 0.00 0.00 0.00 0.00 0.00 0.00 0.00 0.00
 0.00 0.00 0.00 0.01 0.00 0.01 0.00 0.00 0.00 0.00 0.00 0.00 0.00 0.00 0.00 0.00 0.00 0.00 0.00 0.00
 0.00 0.00 0.00 0.00 0.01 0.00 0.00 0.00 0.00 0.00 0.00 0.00 0.00 0.00 0.00 0.00 0.00 0.00 0.00 0.00
 0.00 0.00 0.00 0.00 0.00 0.00 0.00 0.00 0.00 0.00 0.00 0.00 0.00 0.00 0.00 0.00 0.00 0.00 0.00 0.00
 0.00 0.00 0.00 0.00 0.00 0.00 0.00 0.00 0.00 0.00 0.00 0.00 0.00 0.00 0.00 0.00 0.00 0.00 0.00 0.00
 0.00 0.00 0.00 0.00 0.00 0.00 0.00 0.00 0.00 0.00 0.00 0.00 0.00 0.00 0.00 0.00 0.00 0.00 0.00 0.00
 0.00 0.00 0.00 0.00 0.00 0.00 0.00 0.00 0.00 0.00 0.00 0.00 0.00 0.00 0.00 0.00 0.00 0.00 0.00 0.00
 0.00 0.00 0.00 0.00 0.00 0.00 0.00 0.00 0.00 0.00 0.00 0.00 0.00 0.00 0.00 0.00 0.00 0.00 0.00 0.00
 0.00 0.00 0.00 0.00 0.00 0.00 0.00 0.00 0.00 0.00 0.00 0.00 0.00 0.00 0.00 0.00 0.00 0.00 0.00 0.00
 0.00 0.00 0.00 0.00 0.00 0.00 0.00 0.00 0.00 0.00 0.00 0.00 0.00 0.00 0.00 0.00 0.00 0.00 0.00 0.00
 0.00 0.00 0.00 0.00 0.00 0.00 0.00 0.00 0.00 0.00 0.00 0.00 0.00 0.00 0.00 0.00 0.00 0.00 0.00 0.00
 0.00 0.00 0.00 0.00 0.00 0.00 0.00 0.00 0.00 0.00 0.00 0.00 0.00 0.00 0.00 0.00 0.00 0.00 0.00 0.00
 0.00 0.00 0.00 0.00 0.00 0.00 0.00 0.00 0.00 0.00 0.00 0.00 0.00 0.00 0.00 0.00 0.00 0.00 0.00 0.00
 0.00 0.00 0.00 0.00 0.00 0.00 0.00 0.00 0.00 0.00 0.00 0.00 0.00 0.00 0.00 0.00 0.00 0.00 0.00 0.00
 0.00 0.00 0.00 0.00 0.00 0.00 0.00 0.00 0.00 0.00 0.00 0.00 0.00 0.00 0.00 0.00 0.00 0.00 0.00 0.00
 0.00 0.00 0.00 0.00 0.00 0.00 0.00 0.00 0.00 0.00 0.00 0.00 0.00 0.00 0.00 0.00 0.00 0.00 0.00 0.00

Notch
 95.68 95.68 95.67 95.69 95.65 95.69 95.67 95.68 95.67 95.68 95.68 95.68 95.68 95.68 95.68 95.68 95.68 95.68 95.68 95.68
 95.68 95.67 95.70 95.60 95.80 95.60 95.71 95.67 95.68 95.67 95.68 95.68 95.68 95.68 95.68 95.68 95.68 95.68 95.68 95.68
 95.67 95.71 95.57 96.00 94.90 96.00 95.56 95.71 95.67 95.68 95.67 95.68 95.68 95.68 95.68 95.68 95.68 95.68 95.68 95.68
 95.69 95.60 96.00 94.01 0.40 94.01 96.00 95.60 95.69 95.67 95.68 95.68 95.68 95.68 95.68 95.68 95.68 95.68 95.68 95.67
 95.65 95.81 94.90 0.40 0.01 0.40 94.90 95.81 95.65 95.68 95.67 95.68 95.68 95.68 95.68 95.68 95.68 95.68 95.67 95.68
 95.69 95.60 96.00 94.01 0.40 94.01 96.00 95.60 95.69 95.67 95.68 95.68 95.68 95.68 95.68 95.68 95.68 95.68 95.68 95.67
 95.67 95.71 95.56 96.00 94.90 96.00 95.56 95.71 95.67 95.68 95.68 95.68 95.68 95.68 95.68 95.68 95.68 95.68 95.67 95.68
 95.68 95.67 95.71 95.60 95.81 95.60 95.71 95.67 95.68 95.67 95.68 95.68 95.68 95.68 95.68 95.68 95.68 95.67 95.68 95.67
 95.67 95.68 95.67 95.69 95.65 95.69 95.67 95.68 95.67 95.68 95.68 95.68 95.68 95.68 95.68 95.68 95.68 95.68 95.67 95.68
 95.68 95.67 95.68 95.67 95.68 95.67 95.68 95.67 95.68 95.68 95.68 95.68 95.68 95.68 95.68 95.68 95.68 95.67 95.68 95.67
 95.67 95.68 95.67 95.68 95.67 95.68 95.68 95.68 95.68 95.68 95.68 95.68 95.68 95.68 95.68 95.68 95.68 95.68 95.67 95.68
 95.68 95.68 95.68 95.68 95.68 95.68 95.68 95.68 95.68 95.68 95.68 95.68 95.68 95.68 95.68 95.68 95.68 95.68 95.68 95.68
 95.68 95.68 95.68 95.68 95.68 95.68 95.68 95.68 95.68 95.68 95.68 95.68 95.68 95.68 95.68 95.68 95.68 95.68 95.68 95.68
 95.68 95.68 95.68 95.68 95.68 95.68 95.68 95.68 95.68 95.68 95.68 95.68 95.68 95.68 95.68 95.68 95.68 95.68 95.68 95.68
 95.68 95.68 95.68 95.68 95.68 95.68 95.68 95.68 95.68 95.68 95.68 95.68 95.68 95.68 95.68 95.68 95.68 95.68 95.68 95.68
 95.68 95.68 95.68 95.68 95.68 95.68 95.68 95.68 95.68 95.68 95.68 95.68 95.68 95.68 95.68 95.68 95.68 95.68 95.68 95.68
 95.68 95.68 95.68 95.68 95.68 95.68 95.68 95.68 95.68 95.68 95.68 95.68 95.68 95.68 95.68 95.68 95.68 95.68 95.68 95.68
 95.68 95.68 95.68 95.68 95.68 95.68 95.68 95.68 95.68 95.68 95.68 95.68 95.68 95.68 95.68 95.68 95.68 95.68 95.68 95.68
 95.68 95.68 95.68 95.68 95.68 95.68 95.68 95.68 95.68 95.68 95.68 95.68 95.68 95.68 95.68 95.68 95.68 95.68 95.68 95.68
 95.68 95.68 95.68 95.67 95.68 95.67 95.68 95.68 95.68 95.68 95.68 95.68 95.68 95.68 95.68 95.68 95.68 95.68 95.68 95.68

Reporter
 1.31 1.31 1.31 1.32 1.29 1.32 1.31 1.31 1.31 1.31 1.31 1.31 1.31 1.31 1.31 1.31 1.31 1.31 1.31 1.31
 1.31 1.30 1.33 1.26 1.41 1.26 1.33 1.30 1.31 1.31 1.31 1.31 1.31 1.31 1.31 1.31 1.31 1.31 1.31 1.31
 1.31 1.33 1.23 1.58 0.92 1.58 1.23 1.33 1.30 1.31 1.31 1.31 1.31 1.31 1.31 1.31 1.31 1.31 1.31 1.31
 1.32 1.26 1.58 0.64 331.89 0.64 1.58 1.26 1.32 1.31 1.31 1.31 1.31 1.31 1.31 1.31 1.31 1.31 1.31 1.31
 1.29 1.41 0.92 331.89 0.00 331.89 0.92 1.41 1.29 1.31 1.31 1.31 1.31 1.31 1.31 1.31 1.31 1.31 1.31 1.31
 1.32 1.26 1.58 0.64 331.89 0.64 1.58 1.26 1.32 1.31 1.31 1.31 1.31 1.31 1.31 1.31 1.31 1.31 1.31 1.31
 1.30 1.33 1.23 1.58 0.92 1.58 1.23 1.33 1.30 1.31 1.31 1.31 1.31 1.31 1.31 1.31 1.31 1.31 1.31 1.31
 1.31 1.30 1.33 1.26 1.41 1.26 1.33 1.30 1.31 1.31 1.31 1.31 1.31 1.31 1.31 1.31 1.31 1.31 1.31 1.31
 1.31 1.31 1.30 1.32 1.29 1.32 1.30 1.31 1.31 1.31 1.31 1.31 1.31 1.31 1.31 1.31 1.31 1.31 1.31 1.31
 1.31 1.31 1.31 1.31 1.31 1.31 1.31 1.31 1.31 1.31 1.31 1.31 1.31 1.31 1.31 1.31 1.31 1.31 1.31 1.31
 1.31 1.31 1.31 1.31 1.31 1.31 1.31 1.31 1.31 1.31 1.31 1.31 1.31 1.31 1.31 1.31 1.31 1.31 1.31 1.31
 1.31 1.31 1.31 1.31 1.31 1.31 1.31 1.31 1.31 1.31 1.31 1.31 1.31 1.31 1.31 1.31 1.31 1.31 1.31 1.31
 1.31 1.31 1.31 1.31 1.31 1.31 1.31 1.31 1.31 1.31 1.31 1.31 1.31 1.31 1.31 1.31 1.31 1.31 1.31 1.31
 1.31 1.31 1.31 1.31 1.31 1.31 1.31 1.31 1.31 1.31 1.31 1.31 1.31 1.31 1.31 1.31 1.31 1.31 1.31 1.31
 1.31 1.31 1.31 1.31 1.31 1.31 1.31 1.31 1.31 1.31 1.31 1.31 1.31 1.31 1.31 1.31 1.31 1.31 1.31 1.31
 1.31 1.31 1.31 1.31 1.31 1.31 1.31 1.31 1.31 1.31 1.31 1.31 1.31 1.31 1.31 1.31 1.31 1.31 1.31 1.31
 1.31 1.31 1.31 1.31 1.31 1.31 1.31 1.31 1.31 1.31 1.31 1.31 1.31 1.31 1.31 1.31 1.31 1.31 1.31 1.31
 1.31 1.31 1.31 1.31 1.31 1.31 1.31 1.31 1.31 1.31 1.31 1.31 1.31 1.31 1.31 1.31 1.31 1.31 1.31 1.31
 1.31 1.31 1.31 1.31 1.31 1.31 1.31 1.31 1.31 1.31 1.31 1.31 1.31 1.31 1.31 1.31 1.31 1.31 1.31 1.31
 1.31 1.31 1.31 1.31 1.31 1.31 1.31 1.31 1.31 1.31 1.31 1.31 1.31 1.31 1.31 1.31 1.31 1.31 1.31 1.31

