Condition = CellField_2A

Iteration Number=   200000

Delta
 0.00 0.00 0.00 0.00 0.00 0.00 0.00 0.00 0.00 0.00 0.00 0.00 0.00 0.00 0.00 0.00 0.00 0.00 0.00 0.00
 0.00 0.00 0.00 0.00 0.00 0.00 0.00 0.00 0.00 0.00 0.00 0.00 0.00 0.00 0.00 0.00 0.00 0.00 0.00 0.00
 0.00 0.00 0.00 0.00 0.00 0.00 0.00 0.00 0.00 0.00 0.00 0.00 0.00 0.00 0.00 0.00 0.00 0.00 0.00 0.00
 0.00 0.00 0.00 0.00 0.00 0.00 0.00 0.00 0.00 0.00 0.00 0.00 0.00 0.00 0.00 0.00 0.00 0.00 0.00 0.00
 0.00 0.00 0.00 0.00 0.00 0.00 0.00 0.00 0.00 0.00 0.00 0.00 0.00 0.00 0.00 0.00 0.00 0.00 0.00 0.00
 0.00 0.00 0.00 0.00 0.00 0.00 0.00 0.00 0.00 0.00 0.00 0.00 0.00 0.00 0.00 0.00 0.00 0.00 0.00 0.00
 0.00 0.00 0.00 0.00 0.00 0.00 0.00 0.00 0.00 0.00 0.00 0.00 0.00 0.00 0.00 0.00 0.00 0.00 0.00 0.00
 0.00 0.00 0.00 0.00 0.00 0.00 0.00 0.00 0.00 0.00 0.00 0.00 0.00 0.00 0.00 0.00 0.00 0.00 0.00 0.00
 0.00 0.00 0.00 0.00 0.00 0.00 0.00 0.00 0.00 0.00 0.00 0.00 0.00 0.00 0.00 0.00 0.00 0.00 0.00 0.00
 0.00 0.00 0.00 0.00 0.00 0.00 0.00 0.00 0.00 0.00 0.00 0.00 0.00 0.00 0.00 0.00 0.00 0.00 0.00 0.00
 0.00 0.00 0.00 0.00 0.00 0.00 0.00 0.00 0.00 0.00 0.00 0.00 0.00 0.00 0.00 0.00 0.00 0.00 0.00 0.00
 0.00 0.00 0.00 0.00 0.00 0.00 0.00 0.00 0.00 0.00 0.00 0.00 0.00 0.00 0.00 0.00 0.00 0.00 0.00 0.00
 0.00 0.00 0.00 0.00 0.00 0.00 0.00 0.00 0.00 0.00 0.00 0.00 0.00 0.00 0.00 0.00 0.00 0.00 0.00 0.00
 0.00 0.00 0.00 0.00 0.00 0.00 0.00 0.00 0.00 0.00 0.00 0.00 0.00 0.00 0.00 0.00 0.00 0.00 0.00 0.00
 0.00 0.00 0.00 0.00 0.00 0.00 0.00 0.00 0.00 0.00 0.00 0.00 0.00 0.00 0.00 0.00 0.00 0.00 0.00 0.00
 0.00 0.00 0.00 0.00 0.00 0.00 0.00 0.00 0.00 0.00 0.00 0.00 0.00 0.00 0.00 0.00 0.00 0.00 0.00 0.00
 0.00 0.00 0.00 0.00 0.00 0.00 0.00 0.00 0.00 0.00 0.00 0.00 0.00 0.00 0.00 0.00 0.00 0.00 0.00 0.00
 0.00 0.00 0.00 0.00 0.00 0.00 0.00 0.00 0.00 0.00 0.00 0.00 0.00 0.00 0.00 0.00 0.00 0.00 0.00 0.00
 0.00 0.00 0.00 0.00 0.00 0.00 0.00 0.00 0.00 0.00 0.00 0.00 0.00 0.00 0.00 0.00 0.00 0.00 0.00 0.00
 0.00 0.00 0.00 0.00 0.00 0.00 0.00 0.00 0.00 0.00 0.00 0.00 0.00 0.00 0.00 0.00 0.00 0.00 0.00 0.00

Notch
 95.68 95.68 95.68 95.67 95.68 95.67 95.68 95.68 95.68 95.68 95.68 95.68 95.68 95.68 95.68 95.68 95.68 95.68 95.68 95.68
 95.68 95.68 95.67 95.68 95.67 95.68 95.68 95.68 95.68 95.68 95.68 95.68 95.68 95.68 95.68 95.68 95.68 95.68 95.68 95.68
 95.68 95.68 95.68 95.67 95.68 95.68 95.68 95.68 95.68 95.68 95.68 95.68 95.68 95.68 95.68 95.68 95.68 95.68 95.68 95.68
 95.68 95.68 95.67 95.68 95.68 95.68 95.68 95.68 95.68 95.68 95.68 95.68 95.68 95.68 95.68 95.68 95.68 95.68 95.68 95.68
 95.68 95.68 95.68 95.68 95.68 95.68 95.67 95.68 95.68 95.68 95.68 95.68 95.68 95.68 95.68 95.68 95.68 95.68 95.68 95.68
 95.68 95.68 95.68 95.68 95.68 95.67 95.68 95.67 95.68 95.68 95.68 95.68 95.68 95.68 95.68 95.68 95.68 95.67 95.68 95.67
 95.67 95.68 95.68 95.68 95.68 95.68 95.67 95.68 95.67 95.68 95.68 95.68 95.68 95.68 95.68 95.68 95.67 95.68 95.67 95.68
 95.68 95.67 95.68 95.68 95.68 95.67 95.68 95.67 95.68 95.68 95.68 95.68 95.68 95.68 95.68 95.68 95.68 95.67 95.68 95.67
 95.67 95.68 95.67 95.68 95.68 95.68 95.68 95.68 95.68 95.68 95.68 95.68 95.68 95.68 95.68 95.68 95.67 95.68 95.67 95.68
 95.68 95.67 95.68 95.68 95.68 95.68 95.68 95.68 95.68 95.68 95.68 95.68 95.68 95.68 95.68 95.68 95.68 95.67 95.68 95.67
 95.67 95.68 95.67 95.68 95.68 95.68 95.68 95.68 95.68 95.68 95.68 95.68 95.68 95.68 95.68 95.68 95.68 95.68 95.67 95.68
 95.68 95.67 95.68 95.68 95.68 95.68 95.68 95.68 95.68 95.68 95.68 95.68 95.68 95.68 95.68 95.68 95.68 95.67 95.68 95.67
 95.67 95.68 95.68 95.68 95.68 95.68 95.68 95.68 95.68 95.68 95.68 95.68 95.67 95.68 95.68 95.68 95.68 95.68 95.67 95.68
 95.68 95.68 95.68 95.68 95.68 95.68 95.68 95.68 95.68 95.68 95.68 95.67 95.68 95.67 95.68 95.67 95.68 95.67 95.68 95.67
 95.67 95.68 95.68 95.68 95.68 95.68 95.68 95.68 95.68 95.68 95.68 95.68 95.67 95.68 95.67 95.68 95.67 95.68 95.67 95.68
 95.68 95.68 95.68 95.68 95.68 95.68 95.68 95.68 95.68 95.68 95.68 95.68 95.68 95.67 95.68 95.68 95.68 95.67 95.68 95.67
 95.68 95.68 95.68 95.68 95.68 95.68 95.68 95.68 95.68 95.68 95.68 95.68 95.68 95.68 95.68 95.68 95.68 95.68 95.68 95.68
 95.68 95.68 95.68 95.68 95.68 95.68 95.68 95.68 95.68 95.68 95.68 95.68 95.68 95.68 95.68 95.68 95.68 95.68 95.68 95.68
 95.68 95.68 95.68 95.68 95.68 95.68 95.68 95.68 95.68 95.68 95.68 95.68 95.68 95.68 95.68 95.68 95.68 95.68 95.68 95.68
 95.68 95.68 95.68 95.68 95.68 95.68 95.68 95.68 95.68 95.68 95.68 95.68 95.68 95.68 95.68 95.68 95.68 95.68 95.68 95.68

Reporter
 1.31 1.31 1.31 1.31 1.31 1.31 1.31 1.31 1.31 1.31 1.31 1.31 1.31 1.31 1.31 1.31 1.31 1.31 1.31 1.31
 1.31 1.31 1.31 1.31 1.31 1.31 1.31 1.31 1.31 1.31 1.31 1.31 1.31 1.31 1.31 1.31 1.31 1.31 1.31 1.31
 1.31 1.31 1.31 1.31 1.31 1.31 1.31 1.31 1.31 1.31 1.31 1.31 1.31 1.31 1.31 1.31 1.31 1.31 1.31 1.31
 1.31 1.31 1.31 1.31 1.31 1.31 1.31 1.31 1.31 1.31 1.31 1.31 1.31 1.31 1.31 1.31 1.31 1.31 1.31 1.31
 1.31 1.31 1.31 1.31 1.31 1.31 1.31 1.31 1.31 1.31 1.31 1.31 1.31 1.31 1.31 1.31 1.31 1.31 1.31 1.31
 1.31 1.31 1.31 1.31 1.31 1.31 1.31 1.31 1.31 1.31 1.31 1.31 1.31 1.31 1.31 1.31 1.31 1.31 1.31 1.31
 1.31 1.31 1.31 1.31 1.31 1.31 1.31 1.31 1.31 1.31 1.31 1.31 1.31 1.31 1.31 1.31 1.31 1.31 1.31 1.31
 1.31 1.31 1.31 1.31 1.31 1.31 1.31 1.31 1.31 1.31 1.31 1.31 1.31 1.31 1.31 1.31 1.31 1.31 1.31 1.31
 1.31 1.31 1.31 1.31 1.31 1.31 1.31 1.31 1.31 1.31 1.31 1.31 1.31 1.31 1.31 1.31 1.31 1.31 1.31 1.31
 1.31 1.31 1.31 1.31 1.31 1.31 1.31 1.31 1.31 1.31 1.31 1.31 1.31 1.31 1.31 1.31 1.31 1.31 1.31 1.31
 1.31 1.31 1.31 1.31 1.31 1.31 1.31 1.31 1.31 1.31 1.31 1.31 1.31 1.31 1.31 1.31 1.31 1.31 1.31 1.31
 1.31 1.31 1.31 1.31 1.31 1.31 1.31 1.31 1.31 1.31 1.31 1.31 1.31 1.31 1.31 1.31 1.31 1.31 1.31 1.31
 1.31 1.31 1.31 1.31 1.31 1.31 1.31 1.31 1.31 1.31 1.31 1.31 1.31 1.31 1.31 1.31 1.31 1.31 1.31 1.31
 1.31 1.31 1.31 1.31 1.31 1.31 1.31 1.31 1.31 1.31 1.31 1.31 1.31 1.31 1.31 1.31 1.31 1.31 1.31 1.31
 1.31 1.31 1.31 1.31 1.31 1.31 1.31 1.31 1.31 1.31 1.31 1.31 1.31 1.31 1.31 1.31 1.31 1.31 1.31 1.31
 1.31 1.31 1.31 1.31 1.31 1.31 1.31 1.31 1.31 1.31 1.31 1.31 1.31 1.31 1.31 1.31 1.31 1.31 1.31 1.31
 1.31 1.31 1.31 1.31 1.31 1.31 1.31 1.31 1.31 1.31 1.31 1.31 1.31 1.31 1.31 1.31 1.31 1.31 1.31 1.31
 1.31 1.31 1.31 1.31 1.31 1.31 1.31 1.31 1.31 1.31 1.31 1.31 1.31 1.31 1.31 1.31 1.31 1.31 1.31 1.31
 1.31 1.31 1.31 1.31 1.31 1.31 1.31 1.31 1.31 1.31 1.31 1.31 1.31 1.31 1.31 1.31 1.31 1.31 1.31 1.31
 1.31 1.31 1.31 1.31 1.31 1.31 1.31 1.31 1.31 1.31 1.31 1.31 1.31 1.31 1.31 1.31 1.31 1.31 1.31 1.31

