Condition = CellField3_2C

Iteration Number= 376046

k= 20

l= 10

diff= nan

ave3= 1722.13

sd3= 1547.41

Delta
 0.01 76.98 0.01 76.84 0.01 72.50 0.01 0.01 74.62 0.01 74.60 0.01 0.01 75.62 0.01 80.06 0.01 80.04 0.01 77.04
 0.01 0.01 76.93 0.01 76.04 0.01 0.01 75.47 0.01 79.12 0.01 75.21 0.01 0.01 77.04 0.01 80.03 0.01 75.61 0.01
 69.01 0.01 0.01 78.22 0.01 0.01 75.49 0.01 79.99 0.01 79.89 0.01 69.09 0.01 0.01 79.25 0.01 77.01 0.01 0.01
 0.01 74.73 74.69 0.01 74.62 75.07 0.01 80.00 0.01 80.10 0.01 76.77 0.01 0.01 77.00 0.01 79.18 0.01 0.01 75.20
 79.04 0.01 0.01 68.98 0.01 0.01 79.21 0.01 80.13 0.01 79.28 0.01 0.01 75.39 0.01 79.16 0.01 75.01 75.00 0.01
 0.01 77.05 0.01 0.01 0.01 77.01 0.01 80.08 0.01 80.10 0.01 77.20 72.65 0.01 78.25 0.01 76.01 0.01 0.01 79.21
 80.05 0.01 77.04 0.01 76.27 0.01 79.22 0.01 80.07 0.01 79.29 0.01 0.01 74.46 0.01 0.01 68.56 0.01 78.42 0.01
 0.01 80.06 0.01 77.72 0.01 77.14 0.01 77.09 0.01 80.04 0.01 77.04 0.01 0.01 71.83 0.01 0.01 78.31 0.01 80.11
 80.14 0.01 79.28 0.01 0.01 72.54 0.01 0.01 77.09 0.01 80.03 0.01 75.56 0.01 0.01 63.50 78.26 0.01 80.09 0.01
 0.01 80.11 0.01 77.24 72.51 0.01 75.08 0.01 0.01 79.28 0.01 80.01 0.01 75.56 0.01 0.01 0.01 79.34 0.01 80.15
 80.14 0.01 79.29 0.01 0.01 74.98 0.01 72.36 77.18 0.01 80.06 0.01 79.97 0.01 77.02 0.01 78.59 0.01 80.13 0.01
 0.01 80.08 0.01 77.02 0.01 0.01 68.89 0.01 0.01 78.42 0.01 79.27 0.01 79.18 0.01 79.25 0.01 80.12 0.01 80.15
 80.07 0.01 79.24 0.01 75.58 0.01 0.01 0.01 73.90 0.01 78.04 0.01 75.83 0.01 77.04 0.01 80.05 0.01 80.14 0.01
 0.01 77.05 0.01 78.48 0.01 76.84 0.01 72.44 0.01 0.01 65.83 0.01 0.01 0.01 0.01 76.96 0.01 80.06 0.01 80.01
 75.53 0.01 0.01 0.01 79.17 0.01 74.64 0.01 0.01 74.30 0.01 0.00 60.23 69.72 0.01 0.01 78.26 0.01 79.19 0.01
 0.01 0.01 63.64 78.24 0.01 76.91 0.01 0.01 75.44 0.01 76.81 0.01 0.01 0.01 74.83 68.80 0.01 76.69 0.01 74.67
 0.01 73.34 0.01 0.01 78.19 0.01 0.01 75.48 0.01 79.93 0.01 77.08 0.01 77.61 0.01 0.01 0.01 74.75 0.01 76.77
 78.37 0.01 0.01 70.27 0.01 74.59 75.00 0.01 79.95 0.01 80.03 0.01 79.26 0.01 78.51 0.01 77.02 0.01 79.21 0.01
 0.01 76.94 0.01 0.01 68.82 0.01 0.01 78.32 0.01 79.26 0.01 79.25 0.01 80.01 0.01 79.32 0.01 80.05 0.01 80.03
 79.20 0.01 75.54 0.01 0.01 0.01 73.86 0.01 76.82 0.01 76.89 0.01 77.03 0.01 80.02 0.01 80.11 0.01 80.06 0.01

Notch
 0.17 0.01 0.13 0.01 0.17 0.01 0.27 0.26 0.01 0.17 0.01 0.26 0.25 0.01 0.13 0.01 0.12 0.01 0.13 0.01
 0.55 0.25 0.01 0.13 0.01 0.26 0.26 0.01 0.13 0.01 0.13 0.01 0.27 0.25 0.01 0.12 0.01 0.13 0.01 0.25
 0.01 0.27 0.17 0.01 0.17 0.26 0.01 0.13 0.01 0.12 0.01 0.13 0.01 0.55 0.17 0.01 0.12 0.01 0.25 0.27
 0.13 0.01 0.01 0.13 0.01 0.01 0.13 0.01 0.12 0.01 0.12 0.01 0.27 0.26 0.01 0.13 0.01 0.17 0.26 0.01
 0.01 0.17 0.27 0.01 0.27 0.17 0.01 0.12 0.01 0.12 0.01 0.17 0.26 0.01 0.13 0.01 0.13 0.01 0.01 0.13
 0.13 0.01 0.25 0.55 0.25 0.01 0.12 0.01 0.12 0.01 0.12 0.01 0.01 0.13 0.01 0.17 0.01 0.26 0.17 0.01
 0.01 0.13 0.01 0.17 0.01 0.13 0.01 0.12 0.01 0.12 0.01 0.17 0.26 0.01 0.17 0.55 0.01 0.17 0.01 0.12
 0.12 0.01 0.13 0.01 0.17 0.01 0.17 0.01 0.13 0.01 0.12 0.01 0.25 0.27 0.01 0.29 0.17 0.01 0.12 0.01
 0.01 0.12 0.01 0.17 0.27 0.01 0.26 0.25 0.01 0.12 0.01 0.13 0.01 0.26 0.29 0.02 0.01 0.12 0.01 0.12
 0.12 0.01 0.12 0.01 0.01 0.13 0.01 0.26 0.17 0.01 0.12 0.01 0.13 0.01 0.25 0.59 0.17 0.01 0.12 0.01
 0.01 0.12 0.01 0.17 0.26 0.01 0.14 0.01 0.01 0.13 0.01 0.12 0.01 0.13 0.01 0.17 0.01 0.12 0.01 0.12
 0.12 0.01 0.12 0.01 0.25 0.27 0.01 0.27 0.17 0.01 0.12 0.01 0.13 0.01 0.13 0.01 0.12 0.01 0.12 0.01
 0.01 0.12 0.01 0.13 0.01 0.26 0.55 0.27 0.01 0.17 0.01 0.17 0.01 0.17 0.01 0.13 0.01 0.12 0.01 0.12
 0.13 0.01 0.17 0.01 0.13 0.01 0.18 0.01 0.27 0.28 0.01 0.57 0.28 0.54 0.25 0.01 0.13 0.01 0.12 0.01
 0.01 0.25 0.59 0.17 0.01 0.13 0.01 0.26 0.26 0.01 0.18 0.62 0.02 0.01 0.27 0.18 0.01 0.13 0.01 0.13
 0.26 0.28 0.02 0.01 0.13 0.01 0.26 0.26 0.01 0.13 0.01 0.25 0.62 0.18 0.01 0.01 0.18 0.01 0.17 0.01
 0.17 0.01 0.28 0.17 0.01 0.17 0.26 0.01 0.13 0.01 0.13 0.01 0.17 0.01 0.17 0.55 0.26 0.01 0.17 0.01
 0.01 0.17 0.54 0.01 0.13 0.01 0.01 0.13 0.01 0.12 0.01 0.12 0.01 0.13 0.01 0.17 0.01 0.13 0.01 0.13
 0.13 0.01 0.26 0.28 0.01 0.27 0.17 0.01 0.13 0.01 0.13 0.01 0.12 0.01 0.12 0.01 0.12 0.01 0.12 0.01
 0.01 0.13 0.01 0.26 0.55 0.27 0.01 0.17 0.01 0.17 0.01 0.17 0.01 0.13 0.01 0.12 0.01 0.12 0.01 0.12

Reporter
 3139.69 0.00 3179.04 0.00 3133.92 0.00 3043.89 3050.01 0.05 3135.53 0.05 3049.53 3054.23 0.00 3181.73 0.00 3184.74 0.00 3181.74 0.00
 2782.45 3056.61 0.00 3179.78 0.00 3047.56 3051.54 0.00 3180.28 0.00 3180.11 0.00 3040.32 3054.63 0.00 3183.21 0.00 3181.72 0.00 3054.63
 0.00 3039.21 3136.81 0.00 3136.08 3050.75 0.00 3181.00 0.00 3184.29 0.00 3176.73 0.00 2782.97 3139.74 0.00 3182.84 0.00 3054.19 3040.16
 3175.41 0.05 0.05 3174.75 0.05 0.05 3180.51 0.00 3184.74 0.00 3183.08 0.00 3043.02 3054.21 0.00 3182.49 0.00 3137.77 3050.16 0.00
 0.00 3137.52 3039.10 0.00 3038.97 3137.86 0.00 3184.42 0.00 3184.50 0.00 3139.26 3046.63 0.00 3180.53 0.00 3180.34 0.05 0.05 3179.96
 3182.80 0.00 3056.89 2782.26 3055.62 0.00 3182.86 0.00 3184.80 0.00 3183.01 0.04 0.06 3176.65 0.00 3139.85 0.04 3051.39 3138.80 0.00
 0.00 3182.33 0.00 3138.12 0.00 3180.45 0.00 3183.24 0.00 3184.45 0.00 3139.46 3045.05 0.00 3133.28 2779.36 0.07 3133.39 0.00 3183.77
 3184.79 0.00 3182.29 0.00 3137.74 0.04 3139.40 0.00 3182.37 0.00 3183.22 0.00 3054.17 3043.77 0.00 3023.90 3133.31 0.00 3183.43 0.00
 0.00 3184.48 0.00 3139.96 3041.40 0.06 3045.90 3056.64 0.00 3183.24 0.00 3181.70 0.00 3051.83 3023.62 0.09 0.03 3183.06 0.00 3184.83
 3184.86 0.00 3183.02 0.04 0.06 3174.12 0.00 3045.60 3139.48 0.00 3184.41 0.00 3181.07 0.00 3054.60 2742.56 3141.85 0.00 3184.53 0.00
 0.00 3184.50 0.00 3139.46 3045.69 0.00 3172.36 0.06 0.04 3182.64 0.00 3184.38 0.00 3181.32 0.00 3140.93 0.00 3183.93 0.00 3184.87
 3184.82 0.00 3182.91 0.00 3054.16 3039.56 0.00 3034.76 3136.56 0.00 3182.98 0.00 3182.36 0.00 3181.64 0.00 3183.86 0.00 3184.86 0.00
 0.00 3183.24 0.00 3180.74 0.00 3054.27 2781.65 3044.28 0.00 3137.20 0.03 3139.68 0.00 3138.85 0.00 3181.96 0.00 3184.79 0.00 3184.79
 3181.70 0.00 3140.86 0.00 3180.63 0.00 3132.81 0.00 3043.89 3032.72 0.08 2760.50 3025.84 2787.18 3056.73 0.00 3182.79 0.00 3184.41 0.00
 0.00 3054.60 2743.63 3141.64 0.00 3179.58 0.00 3045.12 3049.57 0.00 3127.38 2716.20 0.07 0.03 3040.64 3132.43 0.00 3182.33 0.00 3180.35
 3050.20 3026.85 0.09 0.03 3181.64 0.00 3052.46 3051.46 0.00 3179.13 0.00 3057.13 2715.91 3131.55 0.04 0.06 3132.20 0.04 3137.15 0.05
 3135.79 0.00 3027.12 3134.50 0.00 3136.67 3050.63 0.00 3180.94 0.00 3182.19 0.00 3140.33 0.00 3138.06 2781.01 3053.11 0.05 3137.29 0.04
 0.00 3136.36 2790.85 0.00 3172.62 0.05 0.05 3180.08 0.00 3184.32 0.00 3182.91 0.00 3182.81 0.00 3140.85 0.00 3181.03 0.00 3182.41
 3182.47 0.00 3054.35 3030.87 0.00 3038.66 3134.84 0.00 3182.39 0.00 3182.83 0.00 3182.88 0.00 3183.80 0.00 3183.26 0.00 3184.39 0.00
 0.00 3180.04 0.00 3054.21 2781.19 3044.30 0.00 3136.17 0.04 3138.91 0.04 3139.20 0.00 3181.71 0.00 3184.45 0.00 3184.75 0.00 3183.19

