Condition = CellField3_2A

Iteration Number= 1139041

k= 10

l= 20

diff= 0.01

ave3= 1.28

sd3= 1.24

Delta
 0.01 0.00 0.01 0.00 0.01 0.00 0.01 0.00 0.01 0.00 0.01 0.00 0.01 0.00 0.01 0.00 0.01 0.00 0.01 0.00
 0.00 0.01 0.00 0.01 0.00 0.01 0.00 0.01 0.00 0.01 0.00 0.01 0.00 0.01 0.00 0.01 0.00 0.01 0.00 0.01
 0.01 0.00 0.01 0.00 0.01 0.00 0.01 0.00 0.01 0.00 0.01 0.00 0.01 0.00 0.01 0.00 0.01 0.00 0.01 0.00
 0.00 0.01 0.00 0.01 0.00 0.01 0.00 0.01 0.00 0.01 0.00 0.01 0.00 0.01 0.00 0.01 0.00 0.01 0.00 0.01
 0.01 0.00 0.01 0.00 0.01 0.00 0.01 0.00 0.01 0.00 0.01 0.00 0.01 0.00 0.01 0.00 0.01 0.00 0.01 0.00
 0.00 0.01 0.00 0.01 0.00 0.01 0.00 0.01 0.00 0.01 0.00 0.01 0.00 0.01 0.00 0.01 0.00 0.01 0.00 0.01
 0.01 0.00 0.01 0.00 0.01 0.00 0.01 0.00 0.01 0.00 0.01 0.00 0.01 0.00 0.01 0.00 0.01 0.00 0.01 0.00
 0.00 0.01 0.00 0.01 0.00 0.01 0.00 0.01 0.00 0.01 0.00 0.01 0.00 0.01 0.00 0.01 0.00 0.01 0.00 0.01
 0.01 0.00 0.01 0.00 0.01 0.00 0.01 0.00 0.01 0.00 0.01 0.00 0.01 0.00 0.01 0.00 0.01 0.00 0.01 0.00
 0.00 0.01 0.00 0.01 0.00 0.01 0.00 0.01 0.00 0.01 0.00 0.01 0.00 0.01 0.00 0.01 0.00 0.01 0.00 0.01
 0.01 0.00 0.01 0.00 0.01 0.00 0.01 0.00 0.01 0.00 0.01 0.00 0.01 0.00 0.01 0.00 0.01 0.00 0.01 0.00
 0.00 0.01 0.00 0.01 0.00 0.01 0.00 0.01 0.00 0.01 0.00 0.01 0.00 0.01 0.00 0.01 0.00 0.01 0.00 0.01
 0.01 0.00 0.01 0.00 0.01 0.00 0.01 0.00 0.01 0.00 0.01 0.00 0.01 0.00 0.01 0.00 0.01 0.00 0.01 0.00
 0.00 0.01 0.00 0.01 0.00 0.01 0.00 0.01 0.00 0.01 0.00 0.01 0.00 0.01 0.00 0.01 0.00 0.01 0.00 0.01
 0.01 0.00 0.01 0.00 0.01 0.00 0.01 0.00 0.01 0.00 0.01 0.00 0.01 0.00 0.01 0.00 0.01 0.00 0.01 0.00
 0.00 0.01 0.00 0.01 0.00 0.01 0.00 0.01 0.00 0.01 0.00 0.01 0.00 0.01 0.00 0.01 0.00 0.01 0.00 0.01
 0.01 0.00 0.01 0.00 0.01 0.00 0.01 0.00 0.01 0.00 0.01 0.00 0.01 0.00 0.01 0.00 0.01 0.00 0.01 0.00
 0.00 0.01 0.00 0.01 0.00 0.01 0.00 0.01 0.00 0.01 0.00 0.01 0.00 0.01 0.00 0.01 0.00 0.01 0.00 0.01
 0.01 0.00 0.01 0.00 0.01 0.00 0.01 0.00 0.01 0.00 0.01 0.00 0.01 0.00 0.01 0.00 0.01 0.00 0.01 0.00
 0.00 0.01 0.00 0.01 0.00 0.01 0.00 0.01 0.00 0.01 0.00 0.01 0.00 0.01 0.00 0.01 0.00 0.01 0.00 0.01

Notch
 91.14 96.50 91.14 96.50 91.14 96.50 91.14 96.50 91.14 96.50 91.14 96.50 91.14 96.50 91.14 96.50 91.14 96.50 91.14 96.50
 96.50 91.14 96.50 91.14 96.50 91.14 96.50 91.14 96.50 91.14 96.50 91.14 96.50 91.14 96.50 91.14 96.50 91.14 96.50 91.14
 91.14 96.50 91.14 96.50 91.14 96.50 91.14 96.50 91.14 96.50 91.14 96.50 91.14 96.50 91.14 96.50 91.14 96.50 91.14 96.50
 96.50 91.14 96.50 91.14 96.50 91.14 96.50 91.14 96.50 91.14 96.50 91.14 96.50 91.14 96.50 91.14 96.50 91.14 96.50 91.14
 91.14 96.50 91.14 96.50 91.14 96.50 91.14 96.50 91.14 96.50 91.14 96.50 91.14 96.50 91.14 96.50 91.14 96.50 91.14 96.50
 96.50 91.14 96.50 91.14 96.50 91.14 96.50 91.14 96.50 91.14 96.50 91.14 96.50 91.14 96.50 91.14 96.50 91.14 96.50 91.14
 91.14 96.50 91.14 96.50 91.14 96.50 91.14 96.50 91.14 96.50 91.14 96.50 91.14 96.50 91.14 96.50 91.14 96.50 91.14 96.50
 96.50 91.14 96.50 91.14 96.50 91.14 96.50 91.14 96.50 91.14 96.50 91.14 96.50 91.14 96.50 91.14 96.50 91.14 96.50 91.14
 91.14 96.50 91.14 96.50 91.14 96.50 91.14 96.50 91.14 96.50 91.14 96.50 91.14 96.50 91.14 96.50 91.14 96.50 91.14 96.50
 96.50 91.14 96.50 91.14 96.50 91.14 96.50 91.14 96.50 91.14 96.50 91.14 96.50 91.14 96.50 91.14 96.50 91.14 96.50 91.14
 91.14 96.50 91.14 96.50 91.14 96.50 91.14 96.50 91.14 96.50 91.14 96.50 91.14 96.50 91.14 96.50 91.14 96.50 91.14 96.50
 96.50 91.14 96.50 91.14 96.50 91.14 96.50 91.14 96.50 91.14 96.50 91.14 96.50 91.14 96.50 91.14 96.50 91.14 96.50 91.14
 91.14 96.50 91.14 96.50 91.14 96.50 91.14 96.50 91.14 96.50 91.14 96.50 91.14 96.50 91.14 96.50 91.14 96.50 91.14 96.50
 96.50 91.14 96.50 91.14 96.50 91.14 96.50 91.14 96.50 91.14 96.50 91.14 96.50 91.14 96.50 91.14 96.50 91.14 96.50 91.14
 91.14 96.50 91.14 96.50 91.14 96.50 91.14 96.50 91.14 96.50 91.14 96.50 91.14 96.50 91.14 96.50 91.14 96.50 91.14 96.50
 96.50 91.14 96.50 91.14 96.50 91.14 96.50 91.14 96.50 91.14 96.50 91.14 96.50 91.14 96.50 91.14 96.50 91.14 96.50 91.14
 91.14 96.50 91.14 96.50 91.14 96.50 91.14 96.50 91.14 96.50 91.14 96.50 91.14 96.50 91.14 96.50 91.14 96.50 91.14 96.50
 96.50 91.14 96.50 91.14 96.50 91.14 96.50 91.14 96.50 91.14 96.50 91.14 96.50 91.14 96.50 91.14 96.50 91.14 96.50 91.14
 91.14 96.50 91.14 96.50 91.14 96.50 91.14 96.50 91.14 96.50 91.14 96.50 91.14 96.50 91.14 96.50 91.14 96.50 91.14 96.50
 96.50 91.14 96.50 91.14 96.50 91.14 96.50 91.14 96.50 91.14 96.50 91.14 96.50 91.14 96.50 91.14 96.50 91.14 96.50 91.14

Reporter
 0.05 2.53 0.05 2.53 0.05 2.53 0.05 2.53 0.05 2.53 0.05 2.53 0.05 2.53 0.05 2.53 0.05 2.53 0.05 2.53
 2.53 0.05 2.53 0.05 2.53 0.05 2.53 0.05 2.53 0.05 2.53 0.05 2.53 0.05 2.53 0.05 2.53 0.05 2.53 0.05
 0.05 2.53 0.05 2.53 0.05 2.53 0.05 2.53 0.05 2.53 0.05 2.53 0.05 2.53 0.05 2.53 0.05 2.53 0.05 2.53
 2.53 0.05 2.53 0.05 2.53 0.05 2.53 0.05 2.53 0.05 2.53 0.05 2.53 0.05 2.53 0.05 2.53 0.05 2.53 0.05
 0.05 2.53 0.05 2.53 0.05 2.53 0.05 2.53 0.05 2.53 0.05 2.53 0.05 2.53 0.05 2.53 0.05 2.53 0.05 2.53
 2.53 0.05 2.53 0.05 2.53 0.05 2.53 0.05 2.53 0.05 2.53 0.05 2.53 0.05 2.53 0.05 2.53 0.05 2.53 0.05
 0.05 2.53 0.05 2.53 0.05 2.53 0.05 2.53 0.05 2.53 0.05 2.53 0.05 2.53 0.05 2.53 0.05 2.53 0.05 2.53
 2.53 0.05 2.53 0.05 2.53 0.05 2.53 0.05 2.53 0.05 2.53 0.05 2.53 0.05 2.53 0.05 2.53 0.05 2.53 0.05
 0.05 2.53 0.05 2.53 0.05 2.53 0.05 2.53 0.05 2.53 0.05 2.53 0.05 2.53 0.05 2.53 0.05 2.53 0.05 2.53
 2.53 0.05 2.53 0.05 2.53 0.05 2.53 0.05 2.53 0.05 2.53 0.05 2.53 0.05 2.53 0.05 2.53 0.05 2.53 0.05
 0.05 2.53 0.05 2.53 0.05 2.53 0.05 2.53 0.05 2.53 0.05 2.53 0.05 2.53 0.05 2.53 0.05 2.53 0.05 2.53
 2.53 0.05 2.53 0.05 2.53 0.05 2.53 0.05 2.53 0.05 2.53 0.05 2.53 0.05 2.53 0.05 2.53 0.05 2.53 0.05
 0.05 2.53 0.05 2.53 0.05 2.53 0.05 2.53 0.05 2.53 0.05 2.53 0.05 2.53 0.05 2.53 0.05 2.53 0.05 2.53
 2.53 0.05 2.53 0.05 2.53 0.05 2.53 0.05 2.53 0.05 2.53 0.05 2.53 0.05 2.53 0.05 2.53 0.05 2.53 0.05
 0.05 2.53 0.05 2.53 0.05 2.53 0.05 2.53 0.05 2.53 0.05 2.53 0.05 2.53 0.05 2.53 0.05 2.53 0.05 2.53
 2.53 0.05 2.53 0.05 2.53 0.05 2.53 0.05 2.53 0.05 2.53 0.05 2.53 0.05 2.53 0.05 2.53 0.05 2.53 0.05
 0.05 2.53 0.05 2.53 0.05 2.53 0.05 2.53 0.05 2.53 0.05 2.53 0.05 2.53 0.05 2.53 0.05 2.53 0.05 2.53
 2.53 0.05 2.53 0.05 2.53 0.05 2.53 0.05 2.53 0.05 2.53 0.05 2.53 0.05 2.53 0.05 2.53 0.05 2.53 0.05
 0.05 2.53 0.05 2.53 0.05 2.53 0.05 2.53 0.05 2.53 0.05 2.53 0.05 2.53 0.05 2.53 0.05 2.53 0.05 2.53
 2.53 0.05 2.53 0.05 2.53 0.05 2.53 0.05 2.53 0.05 2.53 0.05 2.53 0.05 2.53 0.05 2.53 0.05 2.53 0.05

