Condition = CellField_2C

Iteration Number=   810000

Delta
 1.72 74.43 1.71 73.23 1.48 70.98 1.28 1.28 69.36 1.26 1.00 1.00 1.25 70.24 1.26 1.02 1.26 72.13 1.71 74.42
 73.30 1.71 74.80 1.71 72.14 1.28 1.29 72.44 1.70 73.23 1.48 70.02 1.27 1.26 71.74 1.48 71.79 1.47 70.81 1.48
 1.27 72.53 1.71 73.26 1.27 1.28 72.46 1.71 74.83 1.72 74.42 1.70 69.31 1.02 1.48 72.54 1.24 0.99 0.98 1.00
 1.28 1.27 72.85 1.48 1.00 70.09 1.71 74.84 1.72 74.87 1.72 73.22 1.26 1.26 72.84 1.47 0.99 67.68 1.47 69.99
 70.04 1.00 1.46 69.62 1.00 1.48 74.44 1.72 74.89 1.72 74.47 1.48 1.00 70.04 1.70 70.06 1.00 1.47 73.97 1.70
 1.48 0.99 66.92 1.26 1.26 72.91 1.72 74.86 1.72 74.87 1.71 70.83 0.98 1.47 72.79 1.26 1.26 73.23 1.72 74.43
 73.32 1.24 1.01 1.26 71.06 1.48 73.29 1.72 74.86 1.72 74.44 1.48 0.98 70.40 1.47 1.00 70.08 1.71 74.84 1.72
 1.72 73.33 1.48 71.79 1.23 1.01 1.27 72.53 1.71 74.84 1.71 70.83 0.98 1.46 70.38 0.98 1.47 74.41 1.72 74.87
 74.87 1.72 74.08 1.48 0.99 66.95 1.27 1.29 72.53 1.71 74.45 1.48 1.00 69.66 1.47 1.00 70.08 1.71 74.86 1.72
 1.72 74.86 1.71 70.81 0.98 1.46 71.94 1.28 1.27 73.30 1.72 73.30 1.27 1.28 70.77 1.24 1.26 73.28 1.72 74.88
 74.89 1.72 74.44 1.48 0.98 70.72 1.70 70.03 1.00 1.48 74.45 1.71 72.53 1.29 1.27 66.25 1.01 1.49 74.50 1.72
 1.72 74.87 1.71 70.83 0.98 1.47 73.93 1.47 0.98 70.85 1.71 74.84 1.71 72.53 1.26 1.01 1.24 73.35 1.72 74.89
 74.89 1.72 74.47 1.48 1.00 69.98 1.69 69.98 1.00 1.48 74.46 1.72 74.86 1.72 73.33 1.49 73.35 1.72 74.87 1.72
 1.72 74.88 1.72 73.31 1.27 1.27 69.16 1.24 1.25 72.81 1.72 74.86 1.72 74.87 1.72 74.50 1.72 74.86 1.72 74.89
 74.87 1.72 74.87 1.72 72.48 1.25 0.97 0.96 66.88 1.47 73.26 1.72 74.86 1.72 74.88 1.72 74.86 1.72 74.50 1.72
 1.72 74.84 1.72 74.83 1.71 69.98 0.95 0.94 0.97 1.00 1.27 72.53 1.71 74.86 1.72 74.87 1.72 73.35 1.49 73.33
 72.48 1.71 74.45 1.72 74.37 1.47 0.97 67.55 1.46 70.03 1.28 1.29 72.51 1.71 74.84 1.72 73.32 1.24 1.01 1.27
 1.28 70.09 1.48 73.21 1.70 69.99 1.00 1.47 73.60 1.70 72.41 1.29 1.29 72.51 1.71 74.41 1.48 0.99 66.98 1.27
 1.27 1.00 1.00 1.26 69.31 1.27 1.25 71.73 1.48 73.21 1.70 72.08 1.28 1.29 72.42 1.70 70.02 1.00 1.47 72.04
 73.28 1.48 70.11 1.26 1.02 1.25 70.24 1.26 1.02 1.26 70.06 1.47 70.95 1.28 1.28 69.29 1.27 1.26 73.22 1.71

Notch
 0.11 0.01 0.11 0.01 0.14 0.01 0.20 0.20 0.01 0.20 0.34 0.34 0.20 0.01 0.20 0.34 0.20 0.01 0.11 0.01
 0.01 0.11 0.01 0.11 0.01 0.20 0.20 0.01 0.11 0.01 0.14 0.01 0.20 0.20 0.01 0.14 0.01 0.14 0.01 0.14
 0.20 0.01 0.11 0.01 0.20 0.20 0.01 0.11 0.01 0.11 0.01 0.11 0.01 0.34 0.14 0.01 0.20 0.35 0.34 0.34
 0.20 0.20 0.01 0.14 0.34 0.01 0.11 0.01 0.11 0.01 0.11 0.01 0.20 0.20 0.01 0.14 0.35 0.01 0.15 0.01
 0.01 0.34 0.15 0.01 0.34 0.14 0.01 0.11 0.01 0.11 0.01 0.14 0.34 0.01 0.11 0.01 0.34 0.14 0.01 0.11
 0.14 0.35 0.01 0.21 0.20 0.01 0.11 0.01 0.11 0.01 0.11 0.01 0.34 0.14 0.01 0.20 0.20 0.01 0.11 0.01
 0.01 0.20 0.35 0.20 0.01 0.14 0.01 0.11 0.01 0.11 0.01 0.14 0.34 0.01 0.14 0.34 0.01 0.11 0.01 0.11
 0.11 0.01 0.14 0.01 0.20 0.35 0.20 0.01 0.11 0.01 0.11 0.01 0.34 0.15 0.01 0.34 0.14 0.01 0.11 0.01
 0.01 0.11 0.01 0.14 0.35 0.01 0.20 0.20 0.01 0.11 0.01 0.14 0.34 0.01 0.15 0.34 0.01 0.11 0.01 0.11
 0.11 0.01 0.11 0.01 0.34 0.15 0.01 0.20 0.20 0.01 0.11 0.01 0.20 0.20 0.01 0.21 0.20 0.01 0.11 0.01
 0.01 0.11 0.01 0.14 0.34 0.01 0.11 0.01 0.34 0.14 0.01 0.11 0.01 0.20 0.21 0.02 0.35 0.14 0.01 0.11
 0.11 0.01 0.11 0.01 0.34 0.14 0.01 0.14 0.34 0.01 0.11 0.01 0.11 0.01 0.20 0.35 0.20 0.01 0.11 0.01
 0.01 0.11 0.01 0.14 0.34 0.01 0.11 0.01 0.34 0.14 0.01 0.11 0.01 0.11 0.01 0.14 0.01 0.11 0.01 0.11
 0.11 0.01 0.11 0.01 0.20 0.20 0.01 0.21 0.20 0.01 0.11 0.01 0.11 0.01 0.11 0.01 0.11 0.01 0.11 0.01
 0.01 0.11 0.01 0.11 0.01 0.20 0.35 0.36 0.01 0.14 0.01 0.11 0.01 0.11 0.01 0.11 0.01 0.11 0.01 0.11
 0.11 0.01 0.11 0.01 0.11 0.01 0.35 0.36 0.35 0.34 0.20 0.01 0.11 0.01 0.11 0.01 0.11 0.01 0.14 0.01
 0.01 0.11 0.01 0.11 0.01 0.14 0.35 0.01 0.15 0.01 0.20 0.20 0.01 0.11 0.01 0.11 0.01 0.20 0.35 0.20
 0.20 0.01 0.14 0.01 0.11 0.01 0.34 0.14 0.01 0.11 0.01 0.20 0.20 0.01 0.11 0.01 0.14 0.35 0.01 0.20
 0.20 0.34 0.34 0.20 0.01 0.20 0.20 0.01 0.14 0.01 0.11 0.01 0.20 0.20 0.01 0.11 0.01 0.34 0.14 0.01
 0.01 0.14 0.01 0.20 0.34 0.20 0.01 0.20 0.34 0.20 0.01 0.14 0.01 0.20 0.20 0.01 0.20 0.20 0.01 0.11

Reporter
 26.76 0.07 26.72 0.07 25.83 0.06 24.09 24.12 0.06 24.24 20.88 20.88 24.20 0.06 24.23 20.71 24.29 0.07 26.69 0.07
 0.07 26.75 0.08 26.73 0.07 24.15 24.21 0.07 26.69 0.07 25.85 0.06 24.04 24.23 0.06 25.83 0.06 25.81 0.07 25.87
 24.35 0.07 26.73 0.07 24.33 24.13 0.07 26.75 0.08 26.78 0.07 26.65 0.06 20.71 25.84 0.06 24.41 20.68 21.05 20.87
 24.05 24.33 0.07 25.82 20.88 0.06 26.71 0.08 26.81 0.08 26.78 0.07 24.24 24.25 0.07 25.82 20.68 0.06 25.74 0.06
 0.06 20.89 25.70 0.06 20.84 25.85 0.07 26.80 0.08 26.80 0.07 25.87 20.88 0.06 26.63 0.06 20.89 25.80 0.07 26.67
 25.86 20.61 0.06 23.94 24.29 0.07 26.76 0.08 26.81 0.08 26.75 0.07 21.05 25.77 0.07 24.25 24.27 0.07 26.77 0.07
 0.07 24.49 20.50 24.26 0.06 25.85 0.07 26.76 0.08 26.80 0.07 25.83 21.01 0.06 25.78 20.88 0.06 26.72 0.08 26.78
 26.77 0.07 25.89 0.06 24.37 20.51 24.35 0.07 26.75 0.08 26.75 0.07 21.05 25.72 0.06 21.01 25.80 0.07 26.80 0.08
 0.08 26.78 0.07 25.84 20.62 0.06 24.02 24.22 0.07 26.75 0.07 25.87 20.85 0.06 25.73 20.89 0.06 26.72 0.08 26.81
 26.81 0.08 26.74 0.07 21.06 25.70 0.07 24.11 24.35 0.07 26.76 0.07 24.35 24.07 0.06 24.07 24.28 0.07 26.78 0.08
 0.08 26.80 0.07 25.83 21.04 0.07 26.64 0.06 20.88 25.87 0.07 26.75 0.07 24.22 23.96 0.06 20.45 25.92 0.07 26.80
 26.81 0.08 26.75 0.07 21.05 25.80 0.07 25.79 21.05 0.07 26.75 0.08 26.75 0.07 24.36 20.44 24.49 0.07 26.78 0.08
 0.08 26.80 0.07 25.87 20.87 0.06 26.60 0.06 20.87 25.86 0.07 26.80 0.08 26.76 0.07 25.93 0.07 26.77 0.08 26.81
 26.81 0.08 26.78 0.07 24.35 24.03 0.06 24.15 24.16 0.07 26.76 0.08 26.81 0.08 26.78 0.07 26.78 0.08 26.80 0.08
 0.08 26.81 0.08 26.76 0.07 24.25 20.96 20.77 0.06 25.77 0.07 26.76 0.08 26.81 0.08 26.80 0.08 26.78 0.07 26.78
 26.76 0.08 26.80 0.08 26.71 0.06 21.13 20.93 20.73 20.89 24.34 0.07 26.75 0.08 26.81 0.08 26.77 0.07 25.92 0.07
 0.07 26.71 0.07 26.77 0.07 25.80 20.78 0.06 25.74 0.06 24.13 24.21 0.07 26.75 0.08 26.78 0.07 24.49 20.51 24.35
 24.14 0.06 25.86 0.07 26.65 0.06 20.89 25.77 0.07 26.68 0.07 24.19 24.21 0.07 26.74 0.07 25.86 20.62 0.06 24.02
 24.33 20.88 20.89 24.24 0.06 24.04 24.23 0.06 25.87 0.07 26.66 0.07 24.15 24.21 0.07 26.64 0.06 20.89 25.75 0.07
 0.07 25.86 0.06 24.27 20.71 24.21 0.06 24.23 20.72 24.27 0.06 25.77 0.06 24.09 24.11 0.06 24.03 24.33 0.07 26.72

