Condition = CellField3_2D

Iteration Number= 376046

k= 20

l= 10

diff= 0.02

ave3= 1724.43

sd3= 1549.51

Delta
 0.01 76.71 0.01 74.13 0.01 0.01 73.90 0.01 76.78 0.01 74.64 0.01 0.01 75.62 0.01 80.06 0.01 80.04 0.01 77.03
 0.01 0.01 70.32 0.01 65.56 0.01 0.01 78.43 0.01 79.19 0.01 75.22 0.01 0.01 77.04 0.01 80.03 0.01 75.61 0.01
 69.09 0.01 0.01 0.01 78.51 0.01 78.62 0.01 80.08 0.01 79.89 0.01 69.09 0.01 0.01 79.25 0.01 77.01 0.01 0.01
 0.01 76.84 0.01 80.48 0.02 82.78 0.01 80.16 0.01 80.11 0.01 76.77 0.01 0.01 77.00 0.01 79.18 0.01 0.01 75.23
 79.91 0.01 81.05 0.02 999.91 0.02 81.87 0.01 80.16 0.01 79.28 0.01 0.01 75.39 0.01 79.16 0.01 75.01 75.01 0.01
 0.01 80.16 0.01 83.59 0.02 83.58 0.01 80.17 0.01 80.11 0.01 77.20 72.65 0.01 78.25 0.01 76.01 0.01 0.01 79.24
 80.13 0.01 80.19 0.01 81.05 0.01 79.37 0.01 80.07 0.01 79.29 0.01 0.01 74.46 0.01 0.01 68.56 0.01 78.42 0.01
 0.01 80.13 0.01 78.64 0.01 77.32 0.01 77.10 0.01 80.04 0.01 77.04 0.01 0.01 71.83 0.01 0.01 78.31 0.01 80.11
 80.14 0.01 79.33 0.01 0.01 72.50 0.01 0.01 77.09 0.01 80.03 0.01 75.56 0.01 0.01 63.50 78.26 0.01 80.09 0.01
 0.01 80.11 0.01 77.25 72.51 0.01 75.08 0.01 0.01 79.28 0.01 80.01 0.01 75.56 0.01 0.01 0.01 79.34 0.01 80.15
 80.14 0.01 79.29 0.01 0.01 74.98 0.01 72.36 77.18 0.01 80.06 0.01 79.97 0.01 77.02 0.01 78.59 0.01 80.13 0.01
 0.01 80.08 0.01 77.02 0.01 0.01 68.89 0.01 0.01 78.42 0.01 79.27 0.01 79.18 0.01 79.25 0.01 80.12 0.01 80.15
 80.07 0.01 79.24 0.01 75.58 0.01 0.01 0.01 73.90 0.01 78.04 0.01 75.83 0.01 77.04 0.01 80.05 0.01 80.14 0.01
 0.01 77.05 0.01 78.48 0.01 76.84 0.01 72.44 0.01 0.01 65.83 0.01 0.01 0.01 0.01 76.96 0.01 80.06 0.01 80.01
 75.53 0.01 0.01 0.01 79.17 0.01 74.64 0.01 0.01 74.30 0.01 0.00 60.23 69.72 0.01 0.01 78.26 0.01 79.19 0.01
 0.01 0.01 63.64 78.25 0.01 76.94 0.01 0.01 75.44 0.01 76.81 0.01 0.01 0.01 74.83 68.80 0.01 76.69 0.01 74.67
 0.01 73.34 0.01 0.01 78.28 0.01 0.01 75.37 0.01 79.93 0.01 77.08 0.01 77.61 0.01 0.01 0.01 74.75 0.01 76.77
 78.37 0.01 0.01 70.50 0.01 76.90 72.77 0.01 79.87 0.01 80.02 0.01 79.26 0.01 78.51 0.01 77.02 0.01 79.21 0.01
 0.01 76.93 0.01 0.01 74.41 0.01 0.01 75.34 0.01 79.20 0.01 79.25 0.01 80.01 0.01 79.32 0.01 80.05 0.01 80.03
 79.19 0.01 75.39 0.01 0.01 72.44 0.01 0.01 74.66 0.01 76.85 0.01 77.03 0.01 80.02 0.01 80.11 0.01 80.06 0.01

Notch
 0.17 0.01 0.13 0.01 0.28 0.27 0.01 0.17 0.01 0.17 0.01 0.26 0.25 0.01 0.13 0.01 0.12 0.01 0.13 0.01
 0.55 0.26 0.01 0.19 0.01 0.57 0.17 0.01 0.13 0.01 0.13 0.01 0.27 0.25 0.01 0.12 0.01 0.13 0.01 0.25
 0.01 0.27 0.54 0.24 0.01 0.16 0.01 0.12 0.01 0.12 0.01 0.13 0.01 0.55 0.17 0.01 0.12 0.01 0.25 0.27
 0.13 0.01 0.16 0.01 0.03 0.01 0.12 0.01 0.12 0.01 0.12 0.01 0.27 0.26 0.01 0.13 0.01 0.17 0.26 0.01
 0.01 0.12 0.01 0.03 0.00 0.03 0.01 0.12 0.01 0.12 0.01 0.17 0.26 0.01 0.13 0.01 0.13 0.01 0.01 0.13
 0.12 0.01 0.12 0.01 0.03 0.01 0.12 0.01 0.12 0.01 0.12 0.01 0.01 0.13 0.01 0.17 0.01 0.26 0.17 0.01
 0.01 0.12 0.01 0.12 0.01 0.12 0.01 0.12 0.01 0.12 0.01 0.17 0.26 0.01 0.17 0.55 0.01 0.17 0.01 0.12
 0.12 0.01 0.12 0.01 0.17 0.01 0.17 0.01 0.13 0.01 0.12 0.01 0.25 0.27 0.01 0.29 0.17 0.01 0.12 0.01
 0.01 0.12 0.01 0.17 0.27 0.01 0.26 0.25 0.01 0.12 0.01 0.13 0.01 0.26 0.29 0.02 0.01 0.12 0.01 0.12
 0.12 0.01 0.12 0.01 0.01 0.13 0.01 0.26 0.17 0.01 0.12 0.01 0.13 0.01 0.25 0.59 0.17 0.01 0.12 0.01
 0.01 0.12 0.01 0.17 0.26 0.01 0.14 0.01 0.01 0.13 0.01 0.12 0.01 0.13 0.01 0.17 0.01 0.12 0.01 0.12
 0.12 0.01 0.12 0.01 0.25 0.27 0.01 0.27 0.17 0.01 0.12 0.01 0.13 0.01 0.13 0.01 0.12 0.01 0.12 0.01
 0.01 0.12 0.01 0.13 0.01 0.26 0.55 0.27 0.01 0.17 0.01 0.17 0.01 0.17 0.01 0.13 0.01 0.12 0.01 0.12
 0.13 0.01 0.17 0.01 0.13 0.01 0.18 0.01 0.27 0.28 0.01 0.57 0.28 0.54 0.25 0.01 0.13 0.01 0.12 0.01
 0.01 0.25 0.59 0.17 0.01 0.13 0.01 0.26 0.26 0.01 0.18 0.62 0.02 0.01 0.27 0.18 0.01 0.13 0.01 0.13
 0.26 0.28 0.02 0.01 0.13 0.01 0.26 0.26 0.01 0.13 0.01 0.25 0.62 0.18 0.01 0.01 0.18 0.01 0.17 0.01
 0.17 0.01 0.28 0.17 0.01 0.17 0.26 0.01 0.13 0.01 0.13 0.01 0.17 0.01 0.17 0.55 0.26 0.01 0.17 0.01
 0.01 0.17 0.54 0.01 0.13 0.01 0.01 0.13 0.01 0.12 0.01 0.12 0.01 0.13 0.01 0.17 0.01 0.13 0.01 0.13
 0.13 0.01 0.26 0.27 0.01 0.18 0.26 0.01 0.13 0.01 0.13 0.01 0.12 0.01 0.12 0.01 0.12 0.01 0.12 0.01
 0.01 0.13 0.01 0.26 0.26 0.01 0.27 0.26 0.01 0.17 0.01 0.17 0.01 0.13 0.01 0.12 0.01 0.12 0.01 0.12

Reporter
 3139.49 0.00 3174.77 0.00 3032.01 3044.30 0.00 3136.25 0.04 3137.20 0.05 3049.60 3054.23 0.00 3181.73 0.00 3184.74 0.00 3181.74 0.00
 2782.99 3045.44 0.00 3120.95 0.08 2758.11 3138.10 0.00 3182.45 0.00 3180.16 0.00 3040.32 3054.63 0.00 3183.21 0.00 3181.72 0.00 3054.63
 0.00 3043.53 2791.14 3064.16 0.03 3144.37 0.00 3183.57 0.00 3184.36 0.00 3176.74 0.00 2782.97 3139.74 0.00 3182.84 0.00 3054.19 3040.35
 3176.78 0.00 3143.28 0.00 3283.24 0.00 3185.98 0.00 3184.84 0.00 3183.08 0.00 3043.02 3054.21 0.00 3182.49 0.00 3137.77 3050.23 0.00
 0.00 3183.84 0.00 3283.34 0.00 3283.44 0.00 3185.56 0.00 3184.51 0.00 3139.26 3046.63 0.00 3180.53 0.00 3180.34 0.05 0.05 3180.35
 3184.42 0.00 3186.57 0.00 3283.44 0.00 3186.57 0.00 3184.84 0.00 3183.01 0.04 0.06 3176.65 0.00 3139.85 0.04 3051.39 3138.83 0.00
 0.00 3184.88 0.00 3185.99 0.00 3185.16 0.00 3183.34 0.00 3184.46 0.00 3139.46 3045.05 0.00 3133.28 2779.36 0.07 3133.39 0.00 3183.82
 3184.84 0.00 3183.97 0.00 3141.90 0.04 3139.64 0.00 3182.38 0.00 3183.22 0.00 3054.17 3043.77 0.00 3023.90 3133.31 0.00 3183.43 0.00
 0.00 3184.53 0.00 3140.65 3041.31 0.06 3045.83 3056.65 0.00 3183.24 0.00 3181.70 0.00 3051.83 3023.62 0.09 0.03 3183.06 0.00 3184.84
 3184.86 0.00 3183.05 0.04 0.06 3174.09 0.00 3045.60 3139.48 0.00 3184.41 0.00 3181.07 0.00 3054.60 2742.56 3141.85 0.00 3184.53 0.00
 0.00 3184.50 0.00 3139.47 3045.68 0.00 3172.36 0.06 0.04 3182.64 0.00 3184.38 0.00 3181.32 0.00 3140.93 0.00 3183.93 0.00 3184.87
 3184.82 0.00 3182.91 0.00 3054.16 3039.56 0.00 3034.76 3136.56 0.00 3182.98 0.00 3182.36 0.00 3181.64 0.00 3183.86 0.00 3184.86 0.00
 0.00 3183.24 0.00 3180.74 0.00 3054.27 2781.65 3044.28 0.00 3137.20 0.03 3139.68 0.00 3138.85 0.00 3181.96 0.00 3184.79 0.00 3184.79
 3181.70 0.00 3140.86 0.00 3180.64 0.00 3132.81 0.00 3043.89 3032.72 0.08 2760.50 3025.84 2787.18 3056.73 0.00 3182.79 0.00 3184.41 0.00
 0.00 3054.60 2743.61 3141.65 0.00 3179.60 0.00 3045.12 3049.57 0.00 3127.38 2716.20 0.07 0.03 3040.64 3132.43 0.00 3182.33 0.00 3180.35
 3050.20 3026.85 0.09 0.03 3181.70 0.00 3052.52 3051.29 0.00 3179.12 0.00 3057.13 2715.91 3131.55 0.04 0.06 3132.20 0.04 3137.15 0.05
 3135.79 0.00 3027.11 3134.74 0.00 3138.45 3046.78 0.00 3180.86 0.00 3182.19 0.00 3140.33 0.00 3138.06 2781.01 3053.11 0.05 3137.29 0.04
 0.00 3136.35 2792.31 0.00 3176.35 0.04 0.06 3177.78 0.00 3184.26 0.00 3182.90 0.00 3182.81 0.00 3140.85 0.00 3181.03 0.00 3182.41
 3182.47 0.00 3054.09 3041.38 0.00 3132.21 3046.75 0.00 3180.22 0.00 3182.79 0.00 3182.88 0.00 3183.80 0.00 3183.26 0.00 3184.39 0.00
 0.00 3179.87 0.00 3049.20 3044.74 0.00 3043.86 3049.86 0.05 3137.27 0.04 3139.16 0.00 3181.71 0.00 3184.45 0.00 3184.75 0.00 3183.19

