Condition = CellField3_2B

Iteration Number= 995432

k= 10

l= 20

diff= 19.22

ave3= 7691.48

sd3= 1.25

Delta
 0.01 0.00 0.01 0.00 0.01 0.00 0.01 0.00 0.01 0.00 0.01 0.00 0.01 0.00 0.01 0.00 0.01 0.00 0.01 0.00
 0.00 0.01 0.00 0.01 0.00 0.01 0.00 0.01 0.00 0.01 0.00 0.01 0.00 0.01 0.00 0.01 0.00 0.01 0.00 0.01
 0.01 0.00 0.01 0.00 0.01 0.00 0.01 0.00 0.01 0.00 0.01 0.00 0.01 0.00 0.01 0.00 0.01 0.00 0.01 0.00
 0.00 0.01 0.00 0.01 0.00 0.01 0.00 0.01 0.00 0.01 0.00 0.01 0.00 0.01 0.00 0.01 0.00 0.01 0.00 0.01
 0.01 0.00 0.01 0.00 999.85 0.00 0.01 0.00 0.01 0.00 0.01 0.00 0.01 0.00 0.01 0.00 0.01 0.00 0.01 0.00
 0.00 0.01 0.00 0.01 0.00 0.01 0.00 0.01 0.00 0.01 0.00 0.01 0.00 0.01 0.00 0.01 0.00 0.01 0.00 0.01
 0.01 0.00 0.01 0.00 0.01 0.00 0.01 0.00 0.01 0.00 0.01 0.00 0.01 0.00 0.01 0.00 0.01 0.00 0.01 0.00
 0.00 0.01 0.00 0.01 0.00 0.01 0.00 0.01 0.00 0.01 0.00 0.01 0.00 0.01 0.00 0.01 0.00 0.01 0.00 0.01
 0.01 0.00 0.01 0.00 0.01 0.00 0.01 0.00 0.01 0.00 0.01 0.00 0.01 0.00 0.01 0.00 0.01 0.00 0.01 0.00
 0.00 0.01 0.00 0.01 0.00 0.01 0.00 0.01 0.00 0.01 0.00 0.01 0.00 0.01 0.00 0.01 0.00 0.01 0.00 0.01
 0.01 0.00 0.01 0.00 0.01 0.00 0.01 0.00 0.01 0.00 0.01 0.00 0.01 0.00 0.01 0.00 0.01 0.00 0.01 0.00
 0.00 0.01 0.00 0.01 0.00 0.01 0.00 0.01 0.00 0.01 0.00 0.01 0.00 0.01 0.00 0.01 0.00 0.01 0.00 0.01
 0.01 0.00 0.01 0.00 0.01 0.00 0.01 0.00 0.01 0.00 0.01 0.00 0.01 0.00 0.01 0.00 0.01 0.00 0.01 0.00
 0.00 0.01 0.00 0.01 0.00 0.01 0.00 0.01 0.00 0.01 0.00 0.01 0.00 0.01 0.00 0.01 0.00 0.01 0.00 0.01
 0.01 0.00 0.01 0.00 0.01 0.00 0.01 0.00 0.01 0.00 0.01 0.00 0.01 0.00 0.01 0.00 0.01 0.00 0.01 0.00
 0.00 0.01 0.00 0.01 0.00 0.01 0.00 0.01 0.00 0.01 0.00 0.01 0.00 0.01 0.00 0.01 0.00 0.01 0.00 0.01
 0.01 0.00 0.01 0.00 0.01 0.00 0.01 0.00 0.01 0.00 0.01 0.00 0.01 0.00 0.01 0.00 0.01 0.00 0.01 0.00
 0.00 0.01 0.00 0.01 0.00 0.01 0.00 0.01 0.00 0.01 0.00 0.01 0.00 0.01 0.00 0.01 0.00 0.01 0.00 0.01
 0.01 0.00 0.01 0.00 0.01 0.00 0.01 0.00 0.01 0.00 0.01 0.00 0.01 0.00 0.01 0.00 0.01 0.00 0.01 0.00
 0.00 0.01 0.00 0.01 0.00 0.01 0.00 0.01 0.00 0.01 0.00 0.01 0.00 0.01 0.00 0.01 0.00 0.01 0.00 0.01

Notch
 91.14 96.50 91.14 96.51 91.13 96.51 91.14 96.50 91.14 96.50 91.14 96.50 91.14 96.50 91.14 96.50 91.14 96.50 91.14 96.50
 96.50 91.14 96.52 91.11 96.59 91.11 96.52 91.14 96.50 91.14 96.50 91.14 96.50 91.14 96.50 91.14 96.50 91.14 96.50 91.14
 91.14 96.52 91.09 96.70 90.73 96.70 91.09 96.52 91.14 96.50 91.14 96.50 91.14 96.50 91.14 96.50 91.14 96.50 91.14 96.50
 96.51 91.11 96.70 90.45 0.40 90.45 96.70 91.11 96.51 91.14 96.50 91.14 96.50 91.14 96.50 91.14 96.50 91.14 96.50 91.14
 91.13 96.59 90.73 0.40 0.01 0.40 90.73 96.59 91.13 96.51 91.14 96.50 91.14 96.50 91.14 96.50 91.14 96.50 91.14 96.50
 96.51 91.11 96.70 90.45 0.40 90.45 96.70 91.11 96.51 91.14 96.50 91.14 96.50 91.14 96.50 91.14 96.50 91.14 96.50 91.14
 91.14 96.52 91.09 96.70 90.73 96.70 91.09 96.52 91.14 96.50 91.14 96.50 91.14 96.50 91.14 96.50 91.14 96.50 91.14 96.50
 96.50 91.14 96.52 91.11 96.59 91.11 96.52 91.14 96.50 91.14 96.50 91.14 96.50 91.14 96.50 91.14 96.50 91.14 96.50 91.14
 91.14 96.50 91.14 96.51 91.13 96.51 91.14 96.50 91.14 96.50 91.14 96.50 91.14 96.50 91.14 96.50 91.14 96.50 91.14 96.50
 96.50 91.14 96.50 91.14 96.51 91.14 96.50 91.14 96.50 91.14 96.50 91.14 96.50 91.14 96.50 91.14 96.50 91.14 96.50 91.14
 91.14 96.50 91.14 96.50 91.14 96.50 91.14 96.50 91.14 96.50 91.14 96.50 91.14 96.50 91.14 96.50 91.14 96.50 91.14 96.50
 96.50 91.14 96.50 91.14 96.50 91.14 96.50 91.14 96.50 91.14 96.50 91.14 96.50 91.14 96.50 91.14 96.50 91.14 96.50 91.14
 91.14 96.50 91.14 96.50 91.14 96.50 91.14 96.50 91.14 96.50 91.14 96.50 91.14 96.50 91.14 96.50 91.14 96.50 91.14 96.50
 96.50 91.14 96.50 91.14 96.50 91.14 96.50 91.14 96.50 91.14 96.50 91.14 96.50 91.14 96.50 91.14 96.50 91.14 96.50 91.14
 91.14 96.50 91.14 96.50 91.14 96.50 91.14 96.50 91.14 96.50 91.14 96.50 91.14 96.50 91.14 96.50 91.14 96.50 91.14 96.50
 96.50 91.14 96.50 91.14 96.50 91.14 96.50 91.14 96.50 91.14 96.50 91.14 96.50 91.14 96.50 91.14 96.50 91.14 96.50 91.14
 91.14 96.50 91.14 96.50 91.14 96.50 91.14 96.50 91.14 96.50 91.14 96.50 91.14 96.50 91.14 96.50 91.14 96.50 91.14 96.50
 96.50 91.14 96.50 91.14 96.50 91.14 96.50 91.14 96.50 91.14 96.50 91.14 96.50 91.14 96.50 91.14 96.50 91.14 96.50 91.14
 91.14 96.50 91.14 96.50 91.14 96.50 91.14 96.50 91.14 96.50 91.14 96.50 91.14 96.50 91.14 96.50 91.14 96.50 91.14 96.50
 96.50 91.14 96.50 91.14 96.51 91.14 96.50 91.14 96.50 91.14 96.50 91.14 96.50 91.14 96.50 91.14 96.50 91.14 96.50 91.14

Reporter
 0.05 2.53 0.05 2.55 0.05 2.55 0.05 2.53 0.05 2.53 0.05 2.53 0.05 2.53 0.05 2.53 0.05 2.53 0.05 2.53
 2.53 0.05 2.56 0.04 2.68 0.04 2.56 0.05 2.53 0.05 2.53 0.05 2.53 0.05 2.53 0.05 2.53 0.05 2.53 0.05
 0.05 2.56 0.04 2.90 0.02 2.90 0.04 2.56 0.05 2.53 0.05 2.53 0.05 2.53 0.05 2.53 0.05 2.53 0.05 2.53
 2.55 0.04 2.90 0.00 767098.05 0.00 2.90 0.04 2.55 0.05 2.53 0.05 2.53 0.05 2.53 0.05 2.53 0.05 2.53 0.05
 0.05 2.68 0.02 767098.05 0.00 767098.05 0.02 2.68 0.05 2.54 0.05 2.53 0.05 2.53 0.05 2.53 0.05 2.53 0.05 2.54
 2.55 0.04 2.90 0.00 767098.05 0.00 2.90 0.04 2.55 0.05 2.53 0.05 2.53 0.05 2.53 0.05 2.53 0.05 2.53 0.05
 0.05 2.56 0.04 2.90 0.02 2.90 0.04 2.56 0.05 2.53 0.05 2.53 0.05 2.53 0.05 2.53 0.05 2.53 0.05 2.53
 2.53 0.05 2.56 0.04 2.68 0.04 2.56 0.05 2.53 0.05 2.53 0.05 2.53 0.05 2.53 0.05 2.53 0.05 2.53 0.05
 0.05 2.53 0.05 2.55 0.05 2.55 0.05 2.53 0.05 2.53 0.05 2.53 0.05 2.53 0.05 2.53 0.05 2.53 0.05 2.53
 2.53 0.05 2.53 0.05 2.54 0.05 2.53 0.05 2.53 0.05 2.53 0.05 2.53 0.05 2.53 0.05 2.53 0.05 2.53 0.05
 0.05 2.53 0.05 2.53 0.05 2.53 0.05 2.53 0.05 2.53 0.05 2.53 0.05 2.53 0.05 2.53 0.05 2.53 0.05 2.53
 2.53 0.05 2.53 0.05 2.53 0.05 2.53 0.05 2.53 0.05 2.53 0.05 2.53 0.05 2.53 0.05 2.53 0.05 2.53 0.05
 0.05 2.53 0.05 2.53 0.05 2.53 0.05 2.53 0.05 2.53 0.05 2.53 0.05 2.53 0.05 2.53 0.05 2.53 0.05 2.53
 2.53 0.05 2.53 0.05 2.53 0.05 2.53 0.05 2.53 0.05 2.53 0.05 2.53 0.05 2.53 0.05 2.53 0.05 2.53 0.05
 0.05 2.53 0.05 2.53 0.05 2.53 0.05 2.53 0.05 2.53 0.05 2.53 0.05 2.53 0.05 2.53 0.05 2.53 0.05 2.53
 2.53 0.05 2.53 0.05 2.53 0.05 2.53 0.05 2.53 0.05 2.53 0.05 2.53 0.05 2.53 0.05 2.53 0.05 2.53 0.05
 0.05 2.53 0.05 2.53 0.05 2.53 0.05 2.53 0.05 2.53 0.05 2.53 0.05 2.53 0.05 2.53 0.05 2.53 0.05 2.53
 2.53 0.05 2.53 0.05 2.53 0.05 2.53 0.05 2.53 0.05 2.53 0.05 2.53 0.05 2.53 0.05 2.53 0.05 2.53 0.05
 0.05 2.53 0.05 2.53 0.05 2.53 0.05 2.53 0.05 2.53 0.05 2.53 0.05 2.53 0.05 2.53 0.05 2.53 0.05 2.53
 2.53 0.05 2.53 0.05 2.54 0.05 2.53 0.05 2.53 0.05 2.53 0.05 2.53 0.05 2.53 0.05 2.53 0.05 2.53 0.05

