0 9.41  281904 
1 9.43  281651 
2 9.45  281379 
3 9.47  281089 
4 9.50  280780 
5 9.52  280453 
6 9.55  280107 
7 9.57  279742 
8 9.60  279358 
9 9.63  278956 
10 9.66  278534 
11 9.69  278094 
12 9.72  277634 
13 9.75  277156 
14 9.79  276659 
15 9.82  276143 
16 9.86  275608 
17 9.90  275055 
18 9.94  274483 
19 9.98  273893 
20 10.02  273283 
21 10.06  272656 
22 10.10  272009 
23 10.15  271344 
24 10.20  270660 
25 10.25  269956 
26 10.30  269233 
27 10.35  268489 
28 10.40  267768 
29 10.46  269560 
30 10.52  271663 
31 10.57  274151 
32 10.63  277132 
33 10.70  280771 
34 10.76  287009 
35 10.83  301856 
36 10.89  306797 
37 10.96  349579 
38 11.03  394264 
39 11.10  392268 
40 11.17  406439 
41 11.25  432763 
42 11.33  479206 
43 11.41  578645 
44 11.49 1291423 
45 11.56  652900 
46 11.65  537602 
47 11.73  490725 
48 11.82  465486 
49 11.91  450884 
50 12.01  442952 
51 12.11  440061 
52 12.21  441682 
53 12.31  448038 
54 12.41  460164 
55 12.52  480369 
56 12.62  513173 
57 12.73  541598 
58 12.78  560395 
59 12.90  577880 
60 13.01  697235 
61 13.11 2000000 
62 13.22 1788443 
63 13.34 1485389 
64 13.46 1355796 
65 13.59 1329093 
66 13.72 1498246 
67 13.84 2000000 
68 13.96 2000000 
69 14.06 2000000 
70 14.17 2000000 
71 14.28 2000000 
72 14.42 1808013 
73 14.56 1664502 
74 14.71 1558552 
75 14.85 1475844 
76 14.99 1408697 
77 15.14 1352630 
78 15.29 1304857 
79 15.44 1263536 
80 15.59 1227397 
81 15.75 1195530 
82 15.91 1167277 
83 16.06 1142153 
84 16.22 1119799 
85 16.39 1099943 
86 16.55 1082373 
87 16.72 1066914 
88 16.88 1053410 
89 17.05 1041711 
90 17.23 1031659 
91 17.40 1023089 
92 17.58 1015840 
93 17.77 1009789 
94 17.95 1004905 
95 18.14 1001280 
96 18.34  999024 
97 18.55  998005 
98 18.76  997641 
99 18.98  996681 
100 19.22  995432 
