0 15.20  115124 
1 15.60  115227 
2 16.05  115290 
3 16.55  115312 
4 17.08  115294 
5 17.66  115244 
6 18.27  115168 
7 18.91  115075 
8 19.61  114972 
9 20.37  114867 
10 21.27  114765 
11 22.48  114670 
12 24.88  114583 
13 23.44  114505 
14 22.61  114438 
15 22.21  114380 
16 21.99  114331 
17 21.85  114290 
18 21.75  114255 
19 21.69  114226 
20 21.64  114201 
21 21.60  114809 
22 21.58  117108 
23 21.55  119408 
24 21.54  121709 
25 21.53  124009 
26 21.52  126310 
27 21.51  128612 
28 21.51  130913 
29 21.51  133215 
30 21.51  135516 
31 21.50  137818 
32 21.50  140120 
33 21.51  142422 
34 21.51  144724 
35 21.52  147027 
36 21.52  149329 
37 21.53  151631 
38 21.54  153934 
39 21.55  156236 
40 21.57  158538 
41 21.59  160841 
42 21.61  163143 
43 21.64  165445 
44 21.67  167748 
45 21.71  170050 
46 21.75  172353 
47 21.80  174655 
48 21.85  176958 
49 21.90  179260 
50 21.95  181563 
51 22.00  183865 
52 22.03  186168 
53 22.04  188471 
54 22.02  197332 
55 21.94  249534 
56 21.76  376113 
57 21.04 1847480 
58 19.77  979751 
59 19.41  963598 
60 19.22  995432 
61 19.12 1006122 
62 19.05 1015465 
63 19.00 1027363 
64 18.97 1041652 
65 18.95 1060458 
66 18.93 1086872 
67 18.92 1123418 
68 18.92 1172153 
69 18.91 1235386 
70 18.91 1317376 
71 18.90 1426794 
72 18.90 1582072 
73 18.90 1832522 
74 18.95 2000000 
75 18.99 2000000 
76 19.02  993144 
77 19.02 1084561 
78 19.02  674340 
79 19.08  500584 
80 19.08  398842 
81 19.09  371883 
82 19.09  478056 
83 19.11  392147 
84 19.13  328673 
85 19.12  300373 
86 19.12  316110 
87 19.14  315703 
88 19.14  295485 
89 19.14  289515 
90 19.14  302733 
91 19.14  304858 
92 19.14 2000000 
93 19.14 2000000 
94 19.14 2000000 
95 19.14 2000000 
96 19.14 2000000 
97 19.15 2000000 
98 19.15 2000000 
99 19.15 2000000 
100 19.15 2000000 
