0 25.69 2000000 
1 25.70 2000000 
2 25.70 2000000 
3 25.69 2000000 
4 25.69 2000000 
5 25.69 2000000 
6 25.70 2000000 
7 25.69 2000000 
8 25.70 2000000 
9 25.69 2000000 
10 25.69 2000000 
11 25.70 2000000 
12 25.70 2000000 
13 25.69 2000000 
14 25.69 2000000 
15 25.69 2000000 
16 25.69 2000000 
17 25.70 2000000 
18 25.69 2000000 
19 25.70 2000000 
20 25.70 2000000 
21 25.70 2000000 
22 25.69 2000000 
23 25.70 2000000 
24 25.69 2000000 
25 25.70 2000000 
26 25.70 2000000 
27 25.70 2000000 
28 25.69 2000000 
29 25.69 2000000 
30 25.69 2000000 
31 25.69 2000000 
32 25.69 2000000 
33 25.70 2000000 
34 25.70 2000000 
35 25.69 2000000 
36 25.70 2000000 
37 25.69 2000000 
38 25.69 2000000 
39 25.70 2000000 
40 25.69 2000000 
41 25.69 2000000 
42 25.69 2000000 
43 25.70 2000000 
44 25.70 2000000 
45 25.69 2000000 
46 25.69 2000000 
47 25.69 2000000 
48 25.69 2000000 
49 25.70 2000000 
50 25.69 2000000 
51 25.70 2000000 
52 25.70 2000000 
53 25.69 2000000 
54 25.69 2000000 
55 25.69 2000000 
56 25.69 2000000 
57 25.68 2000000 
58 25.67 2000000 
59 25.68 2000000 
60 25.67 2000000 
61 25.66 2000000 
62 25.66 2000000 
63 25.66 2000000 
64 25.65 2000000 
65 25.63 2000000 
66 25.62 2000000 
67 25.60 2000000 
68 25.57 2000000 
69 25.53 2000000 
70 25.48 2000000 
71 25.41 2000000 
72 25.29 2000000 
73 25.18 2000000 
74 25.05 2000000 
75 24.87 2000000 
76 24.64 2000000 
77 24.30 2000000 
78 23.88 2000000 
79 23.33 2000000 
80 22.67 2000000 
81 21.92 2000000 
82 21.14 2000000 
83 20.42 2000000 
84 19.84 2000000 
85 19.44 2000000 
86 19.23 2000000 
87 19.13 2000000 
88 19.08 2000000 
89 19.05 2000000 
90 19.04 2000000 
91 19.04 2000000 
92 19.03 2000000 
93 19.03 2000000 
94 19.04 2000000 
95 19.03 2000000 
96 19.02 2000000 
97 19.00 1929933 
98 19.05 1537448 
99 19.12 1234237 
100 19.22  995432 
