0 2.00  381028 
1 2.22  384358 
2 2.47  378986 
3 2.72  378842 
4 2.97  379485 
5 3.24  383664 
6 3.54  363036 
7 3.83  358362 
8 4.13  354156 
9 4.43  355212 
10 4.75  359623 
11 5.06  342689 
12 5.38  338894 
13 5.70  334956 
14 6.02  330888 
15 6.35  326706 
16 6.67  322425 
17 7.00  318064 
18 7.33  313639 
19 7.66  309167 
20 7.98  309522 
21 8.31  319520 
22 8.64  316986 
23 8.97  299895 
24 9.30  309647 
25 9.63  298483 
26 9.96  289043 
27 10.29  300085 
28 10.63  330368 
29 10.95  307996 
30 11.28  305312 
31 11.61  340717 
32 11.93  428836 
33 12.24  413392 
34 12.56 1001609 
35 12.89  406064 
36 13.22  568804 
37 13.50  850844 
38 13.82 1009290 
39 14.15 1083599 
40 14.44 2000000 
41 14.72 2000000 
42 15.02 1761524 
43 15.34 1540819 
44 15.67 1398641 
45 16.00 1296617 
46 16.32 1219477 
47 16.65 1159830 
48 16.97 1114057 
49 17.29 1080020 
50 17.61 1055593 
51 17.93 1038104 
52 18.26 1024446 
53 18.59 1013135 
54 18.94 1004004 
55 19.31  991501 
56 19.77  948183 
57 20.44 1088046 
58 22.16  850033 
59 22.75  334260 
60 23.08  234810 
61 23.29  199043 
62 23.44  197680 
63 23.54  196197 
64 23.61  194596 
65 23.65  192888 
66 23.68  191084 
67 23.69  189194 
68 23.69  187231 
69 23.68  185206 
70 23.68  183128 
71 23.67  181008 
72 23.66  178852 
73 23.65  176667 
74 23.64  174458 
75 23.63  172231 
76 23.63  169988 
77 23.62  167733 
78 23.62  165469 
79 23.61  163197 
80 23.61  160919 
81 23.61  158636 
82 23.60  156349 
83 23.60  154059 
84 23.60  151766 
85 23.60  149472 
86 23.60  147176 
87 23.60  144879 
88 23.60  142582 
89 23.60  140283 
90 23.60  137985 
91 23.61  135686 
92 23.61  133388 
93 23.61  131090 
94 23.62  128792 
95 23.63  126495 
96 23.64  124198 
97 23.65  121903 
98 23.66  119609 
99 23.68  117317 
100 23.71  115027 
