0 12.91  114107 
1 12.91  114107 
2 12.91  114107 
3 12.92  114107 
4 12.92  114137 
5 12.92  114557 
6 12.93  115067 
7 12.93  115684 
8 12.94  116421 
9 12.95  117295 
10 12.96  118322 
11 12.97  119512 
12 12.99  120878 
13 13.01  122427 
14 13.03  124165 
15 13.07  126097 
16 13.11  128228 
17 13.17  130566 
18 13.24  133125 
19 13.34  135927 
20 13.48  139004 
21 13.67  142404 
22 13.95  146191 
23 14.39  150454 
24 15.26  155312 
25 17.27  160925 
26 14.78  167508 
27 13.68  175361 
28 12.94  184906 
29 12.37  196772 
30 11.88  211937 
31 11.46  232031 
32 11.08  260024 
33 10.74  302077 
34 10.46  373872 
35 10.27  534370 
36 10.41 1765110 
37 12.66  320616 
38 13.00  219255 
39 13.18  183521 
40 13.30  163798 
41 13.38  151439 
42 13.43  143192 
43 13.46  137523 
44 13.48  146646 
45 13.48  169190 
46 13.46  206185 
47 13.40  274496 
48 13.22  462563 
49 1.42 2000000 
50 0.29  912392 
51 0.31  651937 
52 0.25 1517026 
53 0.19  575757 
54 0.18  488265 
55 0.17  479153 
56 0.12 1188036 
57 0.06 1365657 
58 0.04  345122 
59 0.03  367687 
60 0.02  376046 
61 0.02  448918 
62 0.01  894737 
63 -0.00 1023808 
64 -0.01 2000000 
65 -0.02 2000000 
66 -0.03  478232 
67 -0.04  366050 
68 -0.04  308969 
69 -0.04  303886 
70 -0.04  308732 
71 -0.04  315554 
72 -0.05  249757 
73 -0.05  278113 
74 -0.06  230467 
75 -0.06  267099 
76 -0.06  237464 
77 -0.06  243596 
78 -0.06  245806 
79 -0.06  249710 
80 -0.06  252433 
81 -0.05  270763 
82 -0.05  260687 
83 -0.05  262815 
84 -0.05  268498 
85 -0.05  278679 
86 -0.05  274285 
87 -0.04  279620 
88 -0.04  287814 
89 -0.04  290579 
90 -0.04  301827 
91 -0.04  303282 
92 -0.04  303516 
93 -0.04  313366 
94 -0.04  314455 
95 -0.04  324529 
96 -0.04  323964 
97 -0.04  326709 
98 -0.04  332339 
99 -0.04  339374 
100 -0.04  348800 
