0 0.01  238526 
1 0.01  238498 
2 0.01  238468 
3 0.01  238436 
4 0.01  238401 
5 0.01  238364 
6 0.01  238325 
7 0.01  238284 
8 0.01  238240 
9 0.01  238195 
10 0.01  238147 
11 0.02  238097 
12 0.02  238045 
13 0.02  237992 
14 0.02  237937 
15 0.02  237880 
16 0.02  238651 
17 0.02  239776 
18 0.02  241334 
19 0.02  243689 
20 0.02  247955 
21 0.02  264773 
22 0.01  247739 
23 0.01  241225 
24 0.01  243422 
25 0.01  247181 
26 0.01  257579 
27 0.01  248442 
28 0.01  258872 
29 0.01  249561 
30 0.01  242880 
31 0.01  239342 
32 0.01  237819 
33 0.01  238104 
34 0.01  238517 
35 0.01  239122 
36 0.01  240035 
37 0.01  241504 
38 0.01  244215 
39 0.01  252155 
40 0.01  246582 
41 0.01  248019 
42 0.01  253854 
43 -0.01  247676 
44 -0.01  234398 
45 -0.01  229621 
46 -0.01  234764 
47 -0.01  257334 
48 -0.01  242397 
49 -0.01  232740 
50 -0.01  235571 
51 -0.01  226980 
52 -0.01  223461 
53 -0.01  221082 
54 -0.01  219221 
55 -0.01  217665 
56 -0.01  216321 
57 -0.01  216587 
58 -0.01  219416 
59 -0.01  222425 
60 -0.01  214612 
61 -0.01  222035 
62 -0.01  217498 
63 -0.02  220185 
64 -0.02  214918 
65 -0.02  220363 
66 -0.02  217599 
67 -0.03  256747 
68 -0.03  217234 
69 -0.03  212727 
70 -0.03  216781 
71 -0.03  210290 
72 -0.03  206779 
73 -0.03  205281 
74 -0.03  207819 
75 -0.03  211677 
76 -0.03  216636 
77 -0.03  221997 
78 -0.03  227078 
79 -0.03  231760 
80 -0.03  236459 
81 -0.03  241720 
82 -0.03  247956 
83 -0.03  255416 
84 -0.03  264226 
85 -0.03  274497 
86 -0.03  286486 
87 -0.03  300858 
88 -0.03  339278 
89 -0.02  422269 
90 -0.02  633461 
91 -0.02  604846 
92 -0.01  947033 
93 -0.00 1097499 
94 0.00 1618730 
95 0.01 1101197 
96 0.02 1425421 
97 0.02  620313 
98 0.02  460767 
99 0.02  472620 
100 0.02  376046 
