0 19.00  982312 
1 19.00  982556 
2 19.01  982818 
3 19.01  983096 
4 19.01  983394 
5 19.02  983712 
6 19.02  984053 
7 19.03  984416 
8 19.03  984806 
9 19.03  985222 
10 19.04  985668 
11 19.04  986145 
12 19.05  986656 
13 19.05  987202 
14 19.06  987786 
15 19.07  988409 
16 19.07  989073 
17 19.08  989781 
18 19.08  990532 
19 19.09  991328 
20 19.10  992168 
21 19.10  993053 
22 19.11  993979 
23 19.12  994945 
24 19.12  995947 
25 19.13  996979 
26 19.14  998034 
27 19.15  999104 
28 19.16 1000179 
29 19.17 1001248 
30 19.17 1002297 
31 19.18 1003312 
32 19.19 1004277 
33 19.20 1005176 
34 19.21 1006021 
35 19.22 1006834 
36 19.22 1007530 
37 19.23 1008093 
38 19.24 1008504 
39 19.24 1008744 
40 19.25 1008797 
41 19.26 1008645 
42 19.26 1008274 
43 19.26 1007666 
44 19.26 1006806 
45 19.26 1005679 
46 19.26 1004269 
47 19.25 1002558 
48 19.25 1000529 
49 19.24  998162 
50 19.22  995432 
51 19.21  992312 
52 19.19  988772 
53 19.16  984771 
54 19.14  980267 
55 19.10  975204 
56 19.07  969517 
57 19.03  963126 
58 18.98  955934 
59 18.93  947816 
60 18.88  938620 
61 18.83  928159 
62 18.77  916252 
63 18.71  902871 
64 18.65  888594 
65 18.58  875446 
66 18.52  867430 
67 18.46  869334 
68 18.41  884850 
69 18.36  917936 
70 18.33  972495 
71 18.30 1052763 
72 18.31 1170722 
73 18.34 1344525 
74 18.44 1579638 
75 18.62 1663542 
76 18.79  926458 
77 18.79  596096 
78 18.74  463539 
79 18.66  386244 
80 18.57  335641 
81 18.48  298458 
82 18.38  267738 
83 18.27  241621 
84 18.17  222419 
85 18.06  207400 
86 17.94  194020 
87 17.83  181961 
88 17.71  170988 
89 17.60  164643 
90 17.48  163229 
91 17.36  161808 
92 17.24  160379 
93 17.12  158942 
94 17.01  157497 
95 16.89  156043 
96 16.77  154580 
97 16.65  153106 
98 16.54  151622 
99 16.42  150124 
100 16.31  148614 
