0 1.11 2000000 
1 1.11 2000000 
2 1.11 2000000 
3 1.11 2000000 
4 1.11 2000000 
5 1.11 2000000 
6 1.11 2000000 
7 1.11 2000000 
8 1.11 2000000 
9 1.11 2000000 
10 1.11 2000000 
11 1.11 2000000 
12 1.11 2000000 
13 1.11 2000000 
14 1.11 2000000 
15 1.11 2000000 
16 1.11 2000000 
17 1.11 2000000 
18 1.11 2000000 
19 1.11 2000000 
20 1.11 2000000 
21 1.11 2000000 
22 1.11 2000000 
23 1.11 2000000 
24 1.11 2000000 
25 1.11 2000000 
26 1.11 2000000 
27 1.11 2000000 
28 1.11 2000000 
29 1.11 2000000 
30 1.11 2000000 
31 1.11 2000000 
32 1.11 2000000 
33 1.11 2000000 
34 1.11 2000000 
35 1.11 2000000 
36 1.11 2000000 
37 1.11 2000000 
38 1.11 2000000 
39 1.11 2000000 
40 1.11 2000000 
41 1.11 2000000 
42 1.11 2000000 
43 1.11 2000000 
44 1.11 2000000 
45 1.11 2000000 
46 1.11 2000000 
47 1.11 2000000 
48 1.11 2000000 
49 1.11 2000000 
50 1.11 2000000 
51 1.11 2000000 
52 1.11 2000000 
53 1.11 2000000 
54 1.11 2000000 
55 1.11 2000000 
56 1.11 2000000 
57 1.10 2000000 
58 1.10 2000000 
59 1.10 2000000 
60 1.10 2000000 
61 1.10 2000000 
62 1.09 2000000 
63 1.09 2000000 
64 1.08 2000000 
65 1.07 2000000 
66 1.06 2000000 
67 1.05 2000000 
68 1.04 2000000 
69 1.02 2000000 
70 0.99 2000000 
71 0.97 2000000 
72 0.93 2000000 
73 0.89 2000000 
74 0.84 2000000 
75 0.78 2000000 
76 0.71 2000000 
77 0.62 2000000 
78 0.53 2000000 
79 0.43 2000000 
80 0.33 2000000 
81 0.23 2000000 
82 0.14 2000000 
83 0.07 2000000 
84 0.03 2000000 
85 0.00 2000000 
86 -0.02 2000000 
87 -0.03 2000000 
88 -0.03 2000000 
89 -0.03 2000000 
90 -0.03 2000000 
91 -0.03 2000000 
92 -0.03 1793960 
93 -0.03 1844425 
94 -0.03 1566579 
95 -0.02 2000000 
96 -0.00 2000000 
97 0.01 2000000 
98 0.02 1068605 
99 0.02  523417 
100 0.02  376046 
