0 -0.12 2000000 
1 -0.12 2000000 
2 -0.12 2000000 
3 -0.12 2000000 
4 -0.12 2000000 
5 -0.12 2000000 
6 -0.12 2000000 
7 -0.12 2000000 
8 -0.12 2000000 
9 -0.12 2000000 
10 -0.12 2000000 
11 -0.12 2000000 
12 -0.12 2000000 
13 -0.12 2000000 
14 -0.12 2000000 
15 -0.12 2000000 
16 -0.12 2000000 
17 -0.12 2000000 
18 -0.12 2000000 
19 -0.12 2000000 
20 -0.12 2000000 
21 -0.12 2000000 
22 -0.12 2000000 
23 -0.12 2000000 
24 -0.12 2000000 
25 -0.12 2000000 
26 -0.12 2000000 
27 -0.12 2000000 
28 -0.12 2000000 
29 -0.12 2000000 
30 -0.12 2000000 
31 -0.12 2000000 
32 -0.12 2000000 
33 -0.12 2000000 
34 -0.12 2000000 
35 -0.12 2000000 
36 -0.12 2000000 
37 -0.12 2000000 
38 -0.12 2000000 
39 -0.12 2000000 
40 -0.12 2000000 
41 -0.12 2000000 
42 -0.12 2000000 
43 -0.12 2000000 
44 -0.12 2000000 
45 -0.12 2000000 
46 -0.12 2000000 
47 -0.12 2000000 
48 -0.12 2000000 
49 -0.12 2000000 
50 -0.12 2000000 
51 -0.12 2000000 
52 -0.12 2000000 
53 -0.12 2000000 
54 -0.12 2000000 
55 -0.12 2000000 
56 -0.12 2000000 
57 -0.12 2000000 
58 -0.12 2000000 
59 -0.12 2000000 
60 -0.12 2000000 
61 -0.12 2000000 
62 -0.12 2000000 
63 -0.12 2000000 
64 -0.12 2000000 
65 -0.12 2000000 
66 -0.12 2000000 
67 -0.12 2000000 
68 -0.12 2000000 
69 -0.12 2000000 
70 -0.12 2000000 
71 -0.12 2000000 
72 -0.12 2000000 
73 -0.12 2000000 
74 -0.12 2000000 
75 -0.12 2000000 
76 -0.12 2000000 
77 -0.12 2000000 
78 -0.13 2000000 
79 -0.13 2000000 
80 -0.13 2000000 
81 -0.13 2000000 
82 -0.13 2000000 
83 -0.14 2000000 
84 -0.14 2000000 
85 -0.14 2000000 
86 -0.14 2000000 
87 -0.14 2000000 
88 -0.14 2000000 
89 -0.14 2000000 
90 -0.14 1797372 
91 -0.14 1466696 
92 -0.14 1200066 
93 -0.13  985033 
94 -0.13  811499 
95 -0.12  672515 
96 -0.11  565373 
97 -0.10  478097 
98 -0.07  432065 
99 -0.04  402087 
100 0.02  376046 
