0 0.23  559398 
1 0.25  559271 
2 0.26  559002 
3 0.28  558587 
4 0.29  558020 
5 0.30  557297 
6 0.31  556414 
7 0.32  555366 
8 0.33  554151 
9 0.33  552768 
10 0.34  551214 
11 0.34  549488 
12 0.34  547591 
13 0.34  545523 
14 0.34  543284 
15 0.34  540876 
16 0.34  538301 
17 0.33  535560 
18 0.32  532655 
19 0.32  529591 
20 0.31  526368 
21 0.30  522992 
22 0.29  519464 
23 0.28  515788 
24 0.27  511968 
25 0.26  508007 
26 0.24  503909 
27 0.23  499678 
28 0.22  495317 
29 0.21  490831 
30 0.20  486224 
31 0.19  481499 
32 0.18  476661 
33 0.16  471715 
34 0.15  466664 
35 0.14  461513 
36 0.13  456268 
37 0.12  450933 
38 0.11  445513 
39 0.10  440014 
40 0.09  434441 
41 0.09  428799 
42 0.08  423096 
43 0.07  417336 
44 0.06  411527 
45 0.05  405676 
46 0.05  399789 
47 0.04  393874 
48 0.03  387940 
49 0.03  381994 
50 0.02  376046 
51 0.02  370106 
52 0.01  364183 
53 0.01  393004 
54 0.01  372808 
55 0.01  361893 
56 0.00  354010 
57 0.00  348256 
58 -0.00  372769 
59 -0.00  351711 
60 -0.00  358562 
61 0.00  379015 
62 0.00  329886 
63 0.01  346115 
64 0.01  332937 
65 0.02  325773 
66 0.03  325534 
67 0.03  328924 
68 0.04  374835 
69 0.05  333147 
70 0.07  337073 
71 0.08  341785 
72 0.10  347435 
73 0.12  354153 
74 0.14  431135 
75 0.16  440010 
76 0.20  504521 
77 0.22  427037 
78 0.26  434405 
79 0.30  488469 
80 0.34  549691 
81 0.39 1976679 
82 0.44 1045029 
83 0.49 1052299 
84 0.56 2000000 
85 0.63 1323574 
86 0.71 2000000 
87 0.77 2000000 
88 0.86 2000000 
89 0.94 2000000 
90 1.04 2000000 
91 1.16 2000000 
92 1.30 2000000 
93 1.45 2000000 
94 1.64 2000000 
95 1.87 2000000 
96 2.18 2000000 
97 2.64 2000000 
98 4.23 2000000 
99 5.32 1133909 
100 5.62  632755 
