0 -0.22  316500 
1 -0.22  318824 
2 -0.22  317403 
3 -0.22  318260 
4 -0.22  318077 
5 -0.22  309318 
6 -0.22  305025 
7 -0.22  301706 
8 -0.22  298837 
9 -0.22  296236 
10 -0.22  294133 
11 -0.22  292153 
12 -0.22  292702 
13 -0.22  292840 
14 -0.24  298864 
15 -0.24  285843 
16 -0.24  282481 
17 -0.24  281491 
18 -0.23  280988 
19 -0.23  281904 
20 -0.23  283156 
21 -0.22  277063 
22 -0.21  274517 
23 -0.20  271417 
24 -0.20  276986 
25 -0.19  274878 
26 -0.18  268468 
27 -0.18  266621 
28 -0.17  262012 
29 -0.15  259130 
30 -0.15  264626 
31 -0.14  260443 
32 -0.13  253354 
33 -0.12  253076 
34 -0.12  255714 
35 -0.11  246544 
36 -0.10  251743 
37 -0.10  241291 
38 -0.09  239415 
39 -0.09  234549 
40 -0.08  231178 
41 -0.07  306250 
42 -0.06  272661 
43 -0.06  409862 
44 -0.05  311683 
45 -0.04  304893 
46 -0.04  303324 
47 -0.04  335783 
48 -0.04  505808 
49 -0.03  470441 
50 -0.02 1302479 
51 -0.01  900108 
52 0.00  763206 
53 0.01  666167 
54 0.02  425364 
55 0.03  378863 
56 0.03  351952 
57 0.04  355479 
58 0.06 1056745 
59 0.15 1114253 
60 0.17  449215 
61 0.18  477285 
62 0.19 1248243 
63 0.27 1483452 
64 0.31  666834 
65 0.29 1104397 
66 2.90 2000000 
67 13.29  393696 
68 13.43  253890 
69 13.47  195763 
70 13.49  162569 
71 13.48  164658 
72 13.46  169330 
73 13.42  175790 
74 13.37  184987 
75 13.28  198722 
76 13.15  220961 
77 12.94  263044 
78 12.55  410774 
79 10.29 1052749 
80 10.30  512381 
81 10.52  383530 
82 10.82  320580 
83 11.16  282177 
84 11.55  255951 
85 11.99  236761 
86 12.49  222049 
87 13.09  210378 
88 13.89  200874 
89 15.16  192968 
90 16.98  186270 
91 14.99  180502 
92 14.27  175461 
93 13.87  170991 
94 13.62  166974 
95 13.44  163316 
96 13.32  159944 
97 13.22  156801 
98 13.15  153840 
99 13.10  151027 
100 13.06  148333 
