0 7.52 2000000 
1 7.51 2000000 
2 7.59 2000000 
3 7.55 2000000 
4 7.58 2000000 
5 7.53 2000000 
6 7.51 2000000 
7 7.54 2000000 
8 7.54 2000000 
9 7.62 2000000 
10 7.47 2000000 
11 7.54 2000000 
12 7.50 2000000 
13 7.51 2000000 
14 7.54 2000000 
15 7.48 2000000 
16 7.48 2000000 
17 7.52 2000000 
18 7.53 2000000 
19 7.65 2000000 
20 7.62 2000000 
21 7.49 2000000 
22 7.46 2000000 
23 7.59 2000000 
24 7.56 2000000 
25 7.44 2000000 
26 7.41 2000000 
27 7.47 2000000 
28 7.53 2000000 
29 7.56 2000000 
30 7.57 2000000 
31 7.63 2000000 
32 7.48 2000000 
33 7.54 2000000 
34 7.51 2000000 
35 7.46 2000000 
36 7.58 2000000 
37 7.47 2000000 
38 7.49 2000000 
39 7.51 2000000 
40 7.51 2000000 
41 7.51 2000000 
42 7.55 2000000 
43 7.52 2000000 
44 7.62 2000000 
45 7.54 2000000 
46 7.56 2000000 
47 7.47 2000000 
48 7.54 2000000 
49 7.58 2000000 
50 7.57 2000000 
51 7.56 2000000 
52 7.52 2000000 
53 7.48 2000000 
54 7.40 2000000 
55 7.50 2000000 
56 7.48 2000000 
57 7.54 2000000 
58 7.50 2000000 
59 7.61 2000000 
60 7.48 2000000 
61 7.50 2000000 
62 7.53 2000000 
63 7.52 2000000 
64 7.68 2000000 
65 7.57 2000000 
66 7.61 2000000 
67 7.73 2000000 
68 7.77 2000000 
69 7.86 2000000 
70 7.83 2000000 
71 8.01 2000000 
72 8.15 2000000 
73 8.32 2000000 
74 8.49 2000000 
75 8.74 2000000 
76 9.05 2000000 
77 9.40 2000000 
78 9.79 2000000 
79 10.34 2000000 
80 10.98 2000000 
81 11.74 2000000 
82 12.60 2000000 
83 13.21 2000000 
84 14.35 2000000 
85 15.20 2000000 
86 16.11 2000000 
87 17.33 2000000 
88 19.22 2000000 
89 19.22 2000000 
90 19.22 2000000 
91 19.22 1854056 
92 19.22 1654076 
93 19.22 1492532 
94 19.22 1362782 
95 19.22 1259490 
96 19.22 1178222 
97 19.22 1114951 
98 19.22 1065743 
99 19.22 1026921 
100 19.22  995432 
