0 30 237739.36 237739.36 237739.36 237739.36 17.86
0 29 189219.94 189219.94 189219.94 189219.94 17.53
0 28 150633.58 150633.58 150633.58 150633.58 17.20
0 27 119954.03 119954.03 119954.03 119954.03 16.87
0 26 95566.44 95566.44 95566.44 95566.44 16.54
0 25 76183.91 76183.91 76183.91 76183.91 16.22
0 24 60781.68 60781.68 60781.68 60781.68 15.89
0 23 48544.21 48544.21 48544.21 48544.21 15.57
0 22 38822.81 38822.81 38822.81 38822.81 15.24
0 21 31101.69 31101.70 31101.69 31101.70 14.92
0 20 24970.93 24970.93 24970.93 24970.93 14.61
0 19 20104.85 20104.85 20104.85 20104.85 14.30
0 18 16244.95 16244.95 16244.95 16244.95 13.99
0 17 13186.22 13186.22 13186.22 13186.22 13.69
0 16 10766.37 10766.37 10766.37 10766.37 13.39
0 15 8857.33 8857.33 8857.33 8857.33 13.11
0 14 7358.71 7358.71 7358.71 7358.71 12.85
0 13 6192.82 6192.82 6192.82 6192.82 12.60
0 12 5301.37 5301.37 5301.36 5301.37 12.37
0 11 4644.00 4644.00 4644.00 4644.00 12.18
0 10 4199.86 4199.86 4199.86 4199.86 12.04
0 9 3975.82 3975.83 3975.82 3975.82 11.96
0 8 4034.02 4034.02 4034.01 4034.02 11.98
0 7 4593.83 4593.84 4593.83 4593.84 12.17
0 6 6549.83 6549.84 6549.81 6549.84 12.68
0 5 13590.83 13590.89 13590.77 13590.87 13.73
0 4 6416.08 6416.11 6416.05 6416.10 12.65
0 3 3250.46 3250.48 3250.44 3250.47 11.67
0 2 2552.52 2552.54 2552.50 2552.54 11.32
0 1 3293.03 3293.07 3293.00 3293.05 11.69
0 0 2797.50 2797.54 2797.47 2797.52 11.45

1 30 195015.26 195015.26 195015.26 195015.26 17.57
1 29 155221.20 155221.20 155221.20 155221.20 17.24
1 28 123573.32 123573.32 123573.32 123573.32 16.92
1 27 98410.93 98410.93 98410.93 98410.93 16.59
1 26 78408.97 78408.97 78408.97 78408.97 16.26
1 25 62512.05 62512.05 62512.05 62512.05 15.93
1 24 49879.70 49879.70 49879.70 49879.70 15.61
1 23 39843.08 39843.08 39843.08 39843.08 15.28
1 22 31870.16 31870.16 31870.16 31870.16 14.96
1 21 25537.93 25537.93 25537.93 25537.93 14.64
1 20 20510.18 20510.18 20510.18 20510.18 14.32
1 19 16519.86 16519.86 16519.86 16519.86 14.01
1 18 13355.01 13355.01 13355.01 13355.01 13.71
1 17 10847.55 10847.55 10847.55 10847.55 13.41
1 16 8864.48 8864.48 8864.47 8864.48 13.11
1 15 7300.91 7300.91 7300.91 7300.91 12.83
1 14 6074.74 6074.74 6074.74 6074.74 12.57
1 13 5122.62 5122.62 5122.62 5122.62 12.32
1 12 4397.36 4397.36 4397.35 4397.36 12.10
1 11 3866.92 3866.92 3866.92 3866.92 11.92
1 10 3516.26 3516.26 3516.25 3516.26 11.78
1 9 3355.33 3355.33 3355.33 3355.33 11.71
1 8 3445.56 3445.56 3445.55 3445.56 11.75
1 7 3997.21 3997.21 3997.20 3997.21 11.96
1 6 5813.13 5813.14 5813.12 5813.14 12.51
1 5 10616.55 10616.57 10616.52 10616.56 13.37
1 4 5664.93 5664.94 5664.91 5664.93 12.47
1 3 3526.00 3526.01 3525.99 3526.01 11.78
1 2 3790.54 3790.55 3790.54 3790.54 11.89
1 1 2126.67 2126.67 2126.66 2126.66 11.05
1 0 896.31 896.31 896.30 896.31 9.81

2 30 160444.31 160444.31 160444.31 160444.31 17.29
2 29 127709.96 127709.96 127709.96 127709.96 16.96
2 28 101676.50 101676.50 101676.50 101676.50 16.63
2 27 80977.77 80977.77 80977.77 80977.77 16.31
2 26 64524.19 64524.19 64524.19 64524.19 15.98
2 25 51447.46 51447.46 51447.46 51447.46 15.65
2 24 41056.23 41056.23 41056.23 41056.23 15.33
2 23 32800.31 32800.31 32800.31 32800.31 15.00
2 22 26242.07 26242.07 26242.07 26242.07 14.68
2 21 21033.56 21033.56 21033.56 21033.56 14.36
2 20 16898.24 16898.24 16898.24 16898.24 14.04
2 19 13616.48 13616.48 13616.48 13616.48 13.73
2 18 11013.96 11013.96 11013.96 11013.96 13.43
2 17 8952.49 8952.49 8952.49 8952.49 13.13
2 16 7322.76 7322.76 7322.76 7322.76 12.84
2 15 6038.65 6038.65 6038.65 6038.65 12.56
2 14 5032.84 5032.84 5032.84 5032.84 12.30
2 13 4253.59 4253.59 4253.59 4253.59 12.05
2 12 3662.67 3662.67 3662.67 3662.67 11.84
2 11 3234.80 3234.80 3234.80 3234.80 11.66
2 10 2959.63 2959.63 2959.63 2959.63 11.53
2 9 2849.60 2849.60 2849.60 2849.60 11.48
2 8 2965.20 2965.21 2965.20 2965.20 11.53
2 7 3482.61 3482.61 3482.60 3482.61 11.77
2 6 5036.42 5036.42 5036.41 5036.42 12.30
2 5 7865.42 7865.42 7865.41 7865.42 12.94
2 4 5320.92 5320.93 5320.92 5320.92 12.38
2 3 4081.18 4081.18 4081.18 4081.18 11.99
2 2 1696.24 1696.24 1696.24 1696.24 10.73
2 1 697.08 697.08 697.08 697.08 9.45
2 0 482.82 482.82 482.82 482.82 8.92

3 30 132356.84 132356.84 132356.84 132356.84 17.01
3 29 105357.04 105357.04 105357.04 105357.04 16.68
3 28 83884.52 83884.52 83884.52 83884.52 16.36
3 27 66812.17 66812.17 66812.17 66812.17 16.03
3 26 53241.24 53241.24 53241.24 53241.24 15.70
3 25 42455.59 42455.59 42455.59 42455.59 15.37
3 24 33885.01 33885.01 33885.01 33885.01 15.05
3 23 27075.70 27075.70 27075.70 27075.70 14.72
3 22 21666.71 21666.71 21666.71 21666.71 14.40
3 21 17371.07 17371.07 17371.07 17371.07 14.08
3 20 13960.73 13960.73 13960.73 13960.73 13.77
3 19 11254.55 11254.55 11254.55 11254.55 13.46
3 18 9108.80 9108.80 9108.80 9108.80 13.15
3 17 7409.58 7409.58 7409.58 7409.58 12.86
3 16 6066.82 6066.82 6066.82 6066.82 12.57
3 15 5009.63 5009.63 5009.63 5009.63 12.29
3 14 4182.70 4182.70 4182.70 4182.70 12.03
3 13 3543.70 3543.70 3543.70 3543.70 11.79
3 12 3061.67 3061.68 3061.67 3061.68 11.58
3 11 2716.80 2716.80 2716.80 2716.80 11.41
3 10 2502.47 2502.47 2502.47 2502.47 11.29
3 9 2429.23 2429.24 2429.23 2429.24 11.25
3 8 2548.58 2548.58 2548.58 2548.58 11.32
3 7 3013.84 3013.84 3013.84 3013.84 11.56
3 6 4172.19 4172.19 4172.19 4172.19 12.03
3 5 5228.14 5228.14 5228.14 5228.14 12.35
3 4 3628.87 3628.86 3628.87 3628.86 11.83
3 3 1399.86 1399.85 1399.86 1399.85 10.45
3 2 539.21 539.21 539.21 539.21 9.07
3 1 370.11 370.11 370.11 370.11 8.53
3 0 347.31 347.31 347.31 347.31 8.44

4 30 109437.83 109437.83 109437.83 109437.83 16.74
4 29 87116.92 87116.92 87116.92 87116.92 16.41
4 28 69365.42 69365.42 69365.42 69365.42 16.08
4 27 55251.62 55251.62 55251.62 55251.62 15.75
4 26 44032.50 44032.50 44032.50 44032.50 15.43
4 25 35116.02 35116.02 35116.02 35116.02 15.10
4 24 28030.79 28030.79 28030.79 28030.79 14.77
4 23 22401.67 22401.67 22401.67 22401.67 14.45
4 22 17930.27 17930.27 17930.27 17930.27 14.13
4 21 14379.37 14379.37 14379.37 14379.37 13.81
4 20 11560.44 11560.44 11560.44 11560.44 13.50
4 19 9323.79 9323.79 9323.79 9323.79 13.19
4 18 7550.62 7550.62 7550.62 7550.62 12.88
4 17 6146.84 6146.84 6146.84 6146.84 12.59
4 16 5038.08 5038.08 5038.08 5038.08 12.30
4 15 4165.85 4165.85 4165.85 4165.85 12.02
4 14 3484.64 3484.64 3484.64 3484.64 11.77
4 13 2959.76 2959.76 2959.76 2959.76 11.53
4 12 2566.15 2566.15 2566.15 2566.15 11.33
4 11 2286.68 2286.68 2286.68 2286.68 11.16
4 10 2117.03 2117.03 2117.03 2117.03 11.05
4 9 2068.32 2068.32 2068.32 2068.32 11.01
4 8 2182.72 2182.72 2182.72 2182.72 11.09
4 7 2545.14 2545.14 2545.14 2545.14 11.31
4 6 3098.12 3098.12 3098.12 3098.12 11.60
4 5 2682.66 2682.66 2682.67 2682.66 11.39
4 4 1157.77 1157.77 1157.77 1157.77 10.18
4 3 386.53 386.52 386.53 386.52 8.59
4 2 254.90 254.90 254.90 254.90 7.99
4 1 270.08 270.08 270.08 270.08 8.08
4 0 290.95 290.95 290.95 290.95 8.18

5 30 90655.63 90655.63 90655.63 90655.63 16.47
5 29 72168.22 72168.22 72168.22 72168.22 16.14
5 28 57465.48 57465.48 57465.48 57465.48 15.81
5 27 45775.70 45775.70 45775.70 45775.70 15.48
5 26 36483.47 36483.47 36483.47 36483.47 15.15
5 25 29098.45 29098.45 29098.45 29098.45 14.83
5 24 23230.19 23230.19 23230.19 23230.19 14.50
5 23 18568.01 18568.01 18568.01 18568.01 14.18
5 22 14864.77 14864.77 14864.77 14864.77 13.86
5 21 11923.99 11923.99 11923.99 11923.99 13.54
5 20 9589.57 9589.57 9589.57 9589.57 13.23
5 19 7737.53 7737.53 7737.53 7737.53 12.92
5 18 6269.53 6269.53 6269.53 6269.53 12.61
5 17 5107.68 5107.68 5107.68 5107.68 12.32
5 16 4190.44 4190.44 4190.44 4190.44 12.03
5 15 3469.52 3469.52 3469.52 3469.52 11.76
5 14 2907.36 2907.36 2907.35 2907.36 11.51
5 13 2474.39 2474.39 2474.39 2474.39 11.27
5 12 2150.48 2150.48 2150.48 2150.48 11.07
5 11 1922.74 1922.74 1922.74 1922.74 10.91
5 10 1786.96 1786.96 1786.96 1786.96 10.80
5 9 1750.17 1750.17 1750.17 1750.17 10.77
5 8 1829.91 1829.91 1829.91 1829.91 10.84
5 7 1999.52 1999.52 1999.52 1999.52 10.97
5 6 1866.91 1866.91 1866.91 1866.91 10.87
5 5 923.89 923.89 923.89 923.89 9.85
5 4 198.71 198.71 198.71 198.71 7.63
5 3 86.75 86.75 86.75 86.75 6.44
5 2 182.22 182.22 182.22 182.22 7.51
5 1 233.96 233.96 233.96 233.96 7.87
5 0 263.22 263.22 263.22 263.22 8.04

6 30 75199.34 75199.34 75199.34 75199.34 16.20
6 29 59865.72 59865.72 59865.72 59865.72 15.87
6 28 47671.16 47671.16 47671.16 47671.16 15.54
6 27 37975.58 37975.58 37975.58 37975.58 15.21
6 26 30268.56 30268.56 30268.56 30268.56 14.89
6 25 24143.42 24143.42 24143.42 24143.42 14.56
6 24 19276.32 19276.32 19276.32 19276.32 14.23
6 23 15409.58 15409.58 15409.58 15409.58 13.91
6 22 12338.24 12338.24 12338.24 12338.24 13.59
6 21 9899.34 9899.34 9899.34 9899.34 13.27
6 20 7963.42 7963.42 7963.42 7963.42 12.96
6 19 6427.68 6427.68 6427.68 6427.68 12.65
6 18 5210.58 5210.58 5210.58 5210.58 12.35
6 17 4247.56 4247.56 4247.56 4247.56 12.05
6 16 3487.64 3487.64 3487.64 3487.64 11.77
6 15 2889.94 2889.94 2889.94 2889.94 11.50
6 14 2423.80 2423.80 2423.80 2423.80 11.24
6 13 2065.53 2065.53 2065.53 2065.53 11.01
6 12 1797.81 1797.81 1797.81 1797.81 10.81
6 11 1609.35 1609.35 1609.35 1609.35 10.65
6 10 1494.33 1494.33 1494.33 1494.33 10.55
6 9 1449.33 1449.33 1449.33 1449.33 10.50
6 8 1448.75 1448.75 1448.75 1448.75 10.50
6 7 1322.86 1322.86 1322.86 1322.86 10.37
6 6 685.74 685.73 685.74 685.73 9.42
6 5 15.68 15.68 15.68 15.68 3.97
6 4 8.59 8.59 8.59 8.59 3.10
6 3 12.75 12.75 12.75 12.75 3.67
6 2 169.59 169.59 169.59 169.59 7.41
6 1 218.28 218.28 218.28 218.28 7.77
6 0 247.20 247.20 247.20 247.20 7.95

7 30 62431.41 62431.41 62431.41 62431.41 15.93
7 29 49702.07 49702.07 49702.07 49702.07 15.60
7 28 39578.64 39578.64 39578.64 39578.64 15.27
7 27 31529.78 31529.78 31529.78 31529.78 14.94
7 26 25131.74 25131.74 25131.74 25131.74 14.62
7 25 20046.92 20046.92 20046.92 20046.92 14.29
7 24 16006.49 16006.49 16006.49 16006.49 13.97
7 23 12796.54 12796.54 12796.54 12796.54 13.64
7 22 10246.91 10246.91 10246.91 10246.91 13.32
7 21 8222.34 8222.34 8222.34 8222.34 13.01
7 20 6615.37 6615.37 6615.37 6615.37 12.69
7 19 5340.67 5340.67 5340.67 5340.67 12.38
7 18 4330.56 4330.56 4330.56 4330.56 12.08
7 17 3530.60 3530.60 3530.60 3530.60 11.79
7 16 2899.04 2899.04 2899.04 2899.04 11.50
7 15 2402.58 2402.58 2402.58 2402.58 11.23
7 14 2015.05 2015.05 2015.05 2015.05 10.98
7 13 1716.77 1716.77 1716.77 1716.77 10.75
7 12 1492.51 1492.51 1492.51 1492.51 10.54
7 11 1330.55 1330.55 1330.55 1330.55 10.38
7 10 1219.70 1219.70 1219.70 1219.70 10.25
7 9 1134.68 1134.68 1134.68 1134.68 10.15
7 8 977.34 977.34 977.34 977.34 9.93
7 7 448.10 448.10 448.10 448.10 8.81
7 6 10.69 10.69 10.69 10.69 3.42
7 5 5.96 5.96 5.96 5.96 2.57
7 4 5.26 5.26 5.26 5.26 2.40
7 3 42.26 42.26 42.26 42.26 5.40
7 2 169.52 169.52 169.52 169.52 7.41
7 1 209.69 209.69 209.69 209.69 7.71
7 0 236.63 236.63 236.63 236.63 7.89

8 30 51849.20 51849.20 51849.20 51849.20 15.66
8 29 41277.28 41277.28 41277.28 41277.28 15.33
8 28 32869.60 32869.60 32869.60 32869.60 15.00
8 27 26184.87 26184.87 26184.87 26184.87 14.68
8 26 20871.18 20871.18 20871.18 20871.18 14.35
8 25 16648.13 16648.13 16648.13 16648.13 14.02
8 24 13292.47 13292.47 13292.47 13292.47 13.70
8 23 10626.53 10626.53 10626.53 10626.53 13.38
8 22 8509.00 8509.00 8509.00 8509.00 13.05
8 21 6827.56 6827.56 6827.56 6827.56 12.74
8 20 5492.87 5492.87 5492.87 5492.87 12.42
8 19 4433.30 4433.30 4433.30 4433.30 12.11
8 18 3593.29 3593.29 3593.29 3593.29 11.81
8 17 2928.06 2928.06 2928.06 2928.06 11.52
8 16 2402.45 2402.45 2402.45 2402.45 11.23
8 15 1988.79 1988.79 1988.79 1988.79 10.96
8 14 1665.06 1665.06 1665.06 1665.06 10.70
8 13 1413.79 1413.79 1413.79 1413.79 10.47
8 12 1220.08 1220.08 1220.08 1220.08 10.25
8 11 1069.44 1069.44 1069.44 1069.44 10.06
8 10 937.06 937.06 937.06 937.06 9.87
8 9 749.84 749.84 749.84 749.84 9.55
8 8 46.09 46.09 46.09 46.09 5.53
8 7 8.75 8.75 8.75 8.75 3.13
8 6 4.81 4.81 4.81 4.81 2.27
8 5 4.18 4.18 4.18 4.18 2.06
8 4 4.38 4.38 4.38 4.38 2.13
8 3 92.42 92.42 92.42 92.42 6.53
8 2 170.41 170.41 170.41 170.41 7.41
8 1 203.90 203.90 203.90 203.90 7.67
8 0 228.80 228.80 228.80 228.80 7.84

9 30 43054.79 43054.79 43054.79 43054.79 15.39
9 29 34274.73 34274.73 34274.73 34274.73 15.06
9 28 27292.06 27292.06 27292.06 27292.06 14.74
9 27 21740.30 21740.30 21740.30 21740.30 14.41
9 26 17327.16 17327.16 17327.16 17327.16 14.08
9 25 13819.80 13819.80 13819.80 13819.80 13.75
9 24 11032.80 11032.80 11032.80 11032.80 13.43
9 23 8818.60 8818.60 8818.60 8818.60 13.11
9 22 7059.52 7059.52 7059.52 7059.52 12.79
9 21 5661.91 5661.91 5661.91 5661.91 12.47
9 20 4552.14 4552.14 4552.14 4552.14 12.15
9 19 3670.86 3670.86 3670.86 3670.86 11.84
9 18 2972.00 2972.00 2972.00 2972.00 11.54
9 17 2418.25 2418.25 2418.25 2418.25 11.24
9 16 1980.01 1980.01 1980.01 1980.01 10.95
9 15 1633.67 1633.67 1633.67 1633.67 10.67
9 14 1360.05 1360.05 1360.05 1360.05 10.41
9 13 1142.73 1142.73 1142.73 1142.73 10.16
9 12 965.29 965.29 965.29 965.29 9.91
9 11 802.71 802.71 802.71 802.71 9.65
9 10 593.50 593.50 593.50 593.50 9.21
9 9 25.46 25.46 25.46 25.46 4.67
9 8 7.70 7.70 7.70 7.70 2.94
9 7 4.79 4.79 4.79 4.79 2.26
9 6 3.36 3.36 3.36 3.36 1.75
9 5 3.31 3.31 3.31 3.31 1.73
9 4 4.56 4.56 4.56 4.56 2.19
9 3 116.59 116.59 116.59 116.59 6.87
9 2 170.51 170.51 170.51 170.51 7.41
9 1 199.29 199.29 199.29 199.29 7.64
9 0 222.35 222.35 222.35 222.35 7.80

10 30 35731.40 35731.40 35731.40 35731.40 15.12
10 29 28442.37 28442.37 28442.37 28442.37 14.80
10 28 22645.46 22645.46 22645.46 22645.46 14.47
10 27 18036.41 18036.41 18036.41 18036.41 14.14
10 26 14372.60 14372.60 14372.60 14372.60 13.81
10 25 11460.70 11460.70 11460.70 11460.70 13.48
10 24 9145.94 9145.94 9145.94 9145.94 13.16
10 23 7306.36 7306.36 7306.36 7306.36 12.83
10 22 5844.08 5844.08 5844.08 5844.08 12.51
10 21 4682.57 4682.57 4682.57 4682.57 12.19
10 20 3760.13 3760.13 3760.13 3760.13 11.88
10 19 3027.62 3027.62 3027.62 3027.62 11.56
10 18 2445.97 2445.97 2445.97 2445.97 11.26
10 17 1984.01 1984.01 1984.01 1984.01 10.95
10 16 1616.74 1616.74 1616.74 1616.74 10.66
10 15 1323.64 1323.64 1323.64 1323.64 10.37
10 14 1087.16 1087.16 1087.16 1087.16 10.09
10 13 889.72 889.72 889.72 889.72 9.80
10 12 706.87 706.87 706.87 706.87 9.47
10 11 480.78 480.78 480.78 480.78 8.91
10 10 20.27 20.27 20.27 20.27 4.34
10 9 7.04 7.04 7.04 7.04 2.82
10 8 4.38 4.36 4.37 4.36 2.13
10 7 3.17 3.17 3.17 3.17 1.66
10 6 2.67 2.67 2.67 2.67 1.42
10 5 2.83 2.83 2.83 2.83 1.50
10 4 6.23 6.23 6.23 6.23 2.64
10 3 128.70 128.70 128.70 128.70 7.01
10 2 169.73 169.73 169.73 169.73 7.41
10 1 195.08 195.08 195.08 195.08 7.61
10 0 216.50 216.50 216.50 216.50 7.76

11 30 29625.07 29625.07 29625.07 29625.07 14.85
11 29 23578.18 23578.18 23578.18 23578.18 14.53
11 28 18769.06 18769.06 18769.06 18769.06 14.20
11 27 14944.71 14944.71 14944.71 14944.71 13.87
11 26 11903.67 11903.67 11903.67 11903.67 13.54
11 25 9485.16 9485.16 9485.16 9485.16 13.21
11 24 7563.34 7563.34 7563.34 7563.34 12.88
11 23 6036.25 6036.25 6036.25 6036.25 12.56
11 22 4822.80 4822.80 4822.80 4822.80 12.24
11 21 3858.51 3858.51 3858.51 3858.51 11.91
11 20 3092.06 3092.06 3092.06 3092.06 11.59
11 19 2482.59 2482.59 2482.59 2482.59 11.28
11 18 1997.44 1997.44 1997.44 1997.44 10.96
11 17 1610.32 1610.32 1610.32 1610.32 10.65
11 16 1299.57 1299.57 1299.57 1299.57 10.34
11 15 1046.71 1046.71 1046.71 1046.71 10.03
11 14 833.45 833.45 833.45 833.45 9.70
11 13 635.63 635.63 635.63 635.63 9.31
11 12 394.43 394.43 394.43 394.43 8.62
11 11 17.76 17.76 17.76 17.76 4.15
11 10 7.41 7.41 7.41 7.41 2.89
11 9 4.18 4.16 4.18 4.16 2.06
11 8 2.84 2.84 2.84 2.84 1.51
11 7 2.38 2.38 2.38 2.38 1.25
11 6 2.38 2.38 2.38 2.38 1.25
11 5 2.98 2.98 2.98 2.98 1.58
11 4 42.42 42.42 42.42 42.42 5.41
11 3 134.83 134.83 134.83 134.83 7.07
11 2 168.17 168.17 168.17 168.17 7.39
11 1 190.86 190.86 190.86 190.86 7.58
11 0 210.75 210.75 210.75 210.75 7.72

12 30 24529.76 24529.76 24529.76 24529.76 14.58
12 29 19515.11 19515.11 19515.11 19515.11 14.25
12 28 15525.82 15525.82 15525.82 15525.82 13.92
12 27 12354.33 12354.33 12354.33 12354.33 13.59
12 26 9833.20 9833.20 9833.20 9833.20 13.26
12 25 7829.23 7829.23 7829.23 7829.23 12.93
12 24 6236.39 6236.39 6236.39 6236.39 12.61
12 23 4970.25 4970.25 4970.25 4970.25 12.28
12 22 3963.66 3963.66 3963.66 3963.66 11.95
12 21 3163.08 3163.08 3163.08 3163.08 11.63
12 20 2525.87 2525.87 2525.87 2525.87 11.30
12 19 2017.89 2017.89 2017.89 2017.89 10.98
12 18 1611.64 1611.64 1611.64 1611.64 10.65
12 17 1284.45 1284.45 1284.45 1284.45 10.33
12 16 1017.02 1017.02 1017.02 1017.02 9.99
12 15 790.51 790.51 790.51 790.51 9.63
12 14 580.87 580.87 580.87 580.87 9.18
12 13 325.15 325.15 325.15 325.15 8.34
12 12 16.28 16.28 16.28 16.28 4.02
12 11 7.05 7.05 7.05 7.05 2.82
12 10 3.79 3.78 3.79 3.78 1.92
12 9 2.60 2.57 2.59 2.57 1.37
12 8 2.11 2.11 2.11 2.11 1.08
12 7 2.03 2.03 2.03 2.03 1.02
12 6 2.32 2.32 2.32 2.32 1.21
12 5 3.45 3.45 3.45 3.45 1.79
12 4 77.83 77.83 77.83 77.83 6.28
12 3 137.62 137.62 137.62 137.62 7.10
12 2 165.84 165.84 165.84 165.84 7.37
12 1 186.31 186.31 186.31 186.31 7.54
12 0 204.72 204.72 204.72 204.72 7.68

13 30 20264.26 20264.26 20264.26 20264.26 14.31
13 29 16113.85 16113.85 16113.85 16113.85 13.98
13 28 12812.91 12812.91 12812.91 12812.91 13.65
13 27 10188.10 10188.10 10188.10 10188.10 13.31
13 26 8101.19 8101.19 8101.19 8101.19 12.98
13 25 6442.02 6442.02 6442.02 6442.02 12.65
13 24 5122.83 5122.83 5122.83 5122.83 12.32
13 23 4073.71 4073.71 4073.71 4073.71 11.99
13 22 3238.96 3238.96 3238.96 3238.96 11.66
13 21 2574.12 2574.12 2574.12 2574.12 11.33
13 20 2043.62 2043.62 2043.62 2043.62 11.00
13 19 1618.78 1618.78 1618.78 1618.78 10.66
13 18 1276.00 1276.00 1276.00 1276.00 10.32
13 17 995.21 995.21 995.21 995.21 9.96
13 16 757.14 757.14 757.14 757.14 9.56
13 15 537.65 537.65 537.65 537.65 9.07
13 14 264.01 264.01 264.01 264.01 8.04
13 13 15.31 15.31 15.31 15.31 3.94
13 12 6.80 6.80 6.80 6.80 2.77
13 11 3.54 3.54 3.54 3.54 1.82
13 10 2.38 2.35 2.38 2.35 1.24
13 9 1.89 1.89 1.89 1.89 0.92
13 8 1.76 1.76 1.76 1.76 0.81
13 7 1.91 1.91 1.91 1.91 0.93
13 6 2.30 2.30 2.30 2.30 1.20
13 5 4.39 4.39 4.39 4.39 2.14
13 4 93.10 93.10 93.10 93.10 6.54
13 3 138.26 138.26 138.26 138.26 7.11
13 2 162.72 162.72 162.72 162.72 7.35
13 1 181.19 181.19 181.19 181.19 7.50
13 0 198.10 198.10 198.10 198.10 7.63

14 30 16705.80 16705.80 16705.80 16705.80 14.03
14 29 13275.33 13275.33 13275.33 13275.33 13.70
14 28 10546.73 10546.73 10546.73 10546.73 13.36
14 27 8376.77 8376.77 8376.77 8376.77 13.03
14 26 6651.18 6651.18 6651.18 6651.18 12.70
14 25 5278.87 5278.87 5278.87 5278.87 12.37
14 24 4187.22 4187.22 4187.22 4187.22 12.03
14 23 3318.36 3318.36 3318.36 3318.36 11.70
14 22 2626.07 2626.07 2626.07 2626.07 11.36
14 21 2073.34 2073.34 2073.34 2073.34 11.02
14 20 1630.36 1630.36 1630.36 1630.36 10.67
14 19 1272.64 1272.64 1272.64 1272.64 10.31
14 18 979.37 979.37 979.37 979.37 9.94
14 17 730.90 730.90 730.90 730.90 9.51
14 16 502.83 502.83 502.83 502.83 8.97
14 15 194.53 194.53 194.53 194.53 7.60
14 14 14.64 14.64 14.64 14.64 3.87
14 13 6.63 6.63 6.63 6.63 2.73
14 12 3.38 3.38 3.38 3.38 1.76
14 11 2.20 2.20 2.20 2.20 1.14
14 10 1.72 1.72 1.72 1.72 0.78
14 9 1.57 1.57 1.57 1.57 0.65
14 8 1.63 1.63 1.63 1.63 0.70
14 7 1.93 1.93 1.93 1.93 0.95
14 6 2.54 2.54 2.54 2.54 1.34
14 5 6.35 6.35 6.35 6.35 2.67
14 4 100.84 100.84 100.84 100.84 6.66
14 3 137.29 137.29 137.29 137.29 7.10
14 2 158.71 158.71 158.71 158.71 7.31
14 1 175.29 175.29 175.29 175.29 7.45
14 0 190.66 190.66 190.66 190.66 7.57

15 30 13738.37 13738.37 13738.37 13738.37 13.75
15 29 10906.64 10906.64 10906.64 10906.64 13.41
15 28 8654.04 8654.04 8654.04 8654.04 13.08
15 27 6862.30 6862.30 6862.30 6862.30 12.74
15 26 5437.07 5437.07 5437.07 5437.07 12.41
15 25 4303.09 4303.09 4303.09 4303.09 12.07
15 24 3400.31 3400.31 3400.31 3400.31 11.73
15 23 2680.80 2680.80 2680.80 2680.80 11.39
15 22 2106.14 2106.14 2106.14 2106.14 11.04
15 21 1645.41 1645.41 1645.41 1645.41 10.68
15 20 1273.26 1273.26 1273.26 1273.26 10.31
15 19 968.18 968.18 968.18 968.18 9.92
15 18 710.14 710.14 710.14 710.14 9.47
15 17 474.26 474.26 474.26 474.26 8.89
15 16 118.19 118.19 118.19 118.19 6.89
15 15 14.15 14.15 14.15 14.15 3.82
15 14 6.41 6.41 6.41 6.41 2.68
15 13 3.26 3.26 3.26 3.26 1.71
15 12 2.08 2.06 2.08 2.06 1.05
15 11 1.56 1.56 1.56 1.56 0.64
15 10 1.43 1.43 1.43 1.43 0.52
15 9 1.43 1.43 1.43 1.43 0.51
15 8 1.62 1.62 1.62 1.62 0.70
15 7 2.03 2.03 2.03 2.03 1.02
15 6 2.87 2.87 2.87 2.87 1.52
15 5 12.15 12.15 12.15 12.15 3.60
15 4 104.49 104.49 104.49 104.49 6.71
15 3 134.96 134.96 134.96 134.96 7.08
15 2 153.73 153.73 153.73 153.73 7.26
15 1 168.43 168.43 168.43 168.43 7.40
15 0 182.19 182.19 182.19 182.19 7.51

16 30 11265.87 11265.87 11265.87 11265.87 13.46
16 29 8931.49 8931.49 8931.49 8931.49 13.12
16 28 7074.20 7074.20 7074.20 7074.20 12.79
16 27 5596.48 5596.48 5596.48 5596.48 12.45
16 26 4420.50 4420.50 4420.50 4420.50 12.11
16 25 3484.10 3484.10 3484.10 3484.10 11.77
16 24 2737.64 2737.64 2737.64 2737.64 11.42
16 23 2141.37 2141.37 2141.37 2141.37 11.06
16 22 1663.24 1663.24 1663.24 1663.24 10.70
16 21 1277.08 1277.08 1277.08 1277.08 10.32
16 20 960.71 960.71 960.71 960.71 9.91
16 19 693.70 693.70 693.70 693.70 9.44
16 18 450.52 450.52 450.52 450.52 8.82
16 17 80.82 80.82 80.82 80.82 6.34
16 16 13.80 13.80 13.80 13.80 3.79
16 15 6.25 6.25 6.25 6.25 2.64
16 14 3.14 3.14 3.14 3.14 1.65
16 13 1.88 1.87 1.88 1.87 0.91
16 12 1.45 1.45 1.45 1.45 0.54
16 11 1.31 1.31 1.31 1.31 0.39
16 10 1.29 1.29 1.29 1.29 0.36
16 9 1.39 1.39 1.39 1.39 0.48
16 8 1.67 1.67 1.67 1.67 0.74
16 7 2.04 2.04 2.04 2.04 1.03
16 6 3.30 3.30 3.30 3.30 1.72
16 5 43.93 43.93 43.93 43.93 5.46
16 4 105.47 105.47 105.47 105.47 6.72
16 3 131.36 131.36 131.36 131.36 7.04
16 2 147.65 147.65 147.65 147.65 7.21
16 1 160.44 160.44 160.44 160.44 7.33
16 0 172.57 172.57 172.57 172.57 7.43

17 30 9207.97 9207.97 9207.97 9207.97 13.17
17 29 7285.99 7285.99 7285.99 7285.99 12.83
17 28 5756.40 5756.40 5756.40 5756.40 12.49
17 27 4538.87 4538.87 4538.87 4538.87 12.15
17 26 3569.22 3569.22 3569.22 3569.22 11.80
17 25 2796.15 2796.15 2796.15 2796.15 11.45
17 24 2178.57 2178.57 2178.57 2178.57 11.09
17 23 1683.36 1683.36 1683.36 1683.36 10.72
17 22 1283.54 1283.54 1283.54 1283.54 10.33
17 21 956.31 956.31 956.31 956.31 9.90
17 20 680.76 680.76 680.76 680.76 9.41
17 19 430.52 430.52 430.52 430.52 8.75
17 18 65.69 65.69 65.69 65.69 6.04
17 17 13.53 13.53 13.53 13.53 3.76
17 16 6.03 6.03 6.03 6.03 2.59
17 15 3.05 3.05 3.05 3.05 1.61
17 14 1.78 1.76 1.78 1.76 0.82
17 13 1.36 1.36 1.36 1.36 0.45
17 12 1.22 1.22 1.22 1.22 0.28
17 11 1.19 1.19 1.19 1.19 0.25
17 10 1.24 1.24 1.24 1.24 0.31
17 9 1.41 1.41 1.41 1.41 0.50
17 8 1.74 1.74 1.74 1.74 0.80
17 7 2.19 2.19 2.19 2.19 1.13
17 6 3.83 3.83 3.83 3.83 1.94
17 5 56.94 56.94 56.94 56.94 5.83
17 4 104.44 104.44 104.44 104.44 6.71
17 3 126.50 126.50 126.50 126.50 6.98
17 2 140.38 140.38 140.38 140.38 7.13
17 1 151.24 151.24 151.24 151.24 7.24
17 0 161.80 161.80 161.79 161.80 7.34

18 30 7497.04 7497.04 7497.04 7497.04 12.87
18 29 5916.34 5916.34 5916.34 5916.34 12.53
18 28 4657.82 4657.82 4657.82 4657.82 12.19
18 27 3655.35 3655.35 3655.35 3655.35 11.84
18 26 2856.01 2856.01 2856.01 2856.01 11.48
18 25 2217.43 2217.43 2217.43 2217.43 11.11
18 24 1705.46 1705.46 1705.46 1705.46 10.74
18 23 1292.27 1292.27 1292.27 1292.27 10.34
18 22 954.50 954.50 954.50 954.50 9.90
18 21 670.70 670.70 670.70 670.70 9.39
18 20 413.39 413.39 413.39 413.39 8.69
18 19 57.93 57.93 57.93 57.93 5.86
18 18 13.33 13.33 13.33 13.33 3.74
18 17 5.90 5.90 5.90 5.90 2.56
18 16 2.98 2.98 2.98 2.98 1.58
18 15 1.69 1.69 1.69 1.69 0.76
18 14 1.30 1.30 1.30 1.30 0.38
18 13 1.14 1.14 1.14 1.14 0.19
18 12 1.11 1.11 1.11 1.11 0.15
18 11 1.14 1.14 1.14 1.14 0.19
18 10 1.24 1.24 1.24 1.24 0.32
18 9 1.46 1.46 1.46 1.46 0.55
18 8 1.83 1.83 1.83 1.83 0.87
18 7 2.35 2.35 2.35 2.35 1.23
18 6 4.43 4.43 4.43 4.43 2.15
18 5 62.99 62.99 62.99 62.99 5.98
18 4 101.74 101.74 101.74 101.74 6.67
18 3 120.36 120.36 120.36 120.36 6.91
18 2 131.87 131.87 131.87 131.87 7.04
18 1 140.83 140.84 140.83 140.84 7.14
18 0 150.03 150.03 150.03 150.03 7.23

19 30 6075.99 6075.99 6075.99 6075.99 12.57
19 29 4777.12 4777.12 4777.12 4777.12 12.22
19 28 3742.28 3742.28 3742.28 3742.28 11.87
19 27 2917.05 2917.05 2917.05 2917.05 11.51
19 26 2257.76 2257.76 2257.76 2257.76 11.14
19 25 1729.28 1729.28 1729.28 1729.28 10.76
19 24 1302.99 1302.99 1302.99 1302.99 10.35
19 23 954.91 954.91 954.91 954.91 9.90
19 22 663.06 663.06 663.06 663.06 9.37
19 21 398.36 398.36 398.36 398.36 8.64
19 20 53.30 53.30 53.30 53.30 5.74
19 19 13.18 13.18 13.18 13.18 3.72
19 18 5.46 5.46 5.46 5.46 2.45
19 17 2.93 2.93 2.93 2.93 1.55
19 16 1.63 1.63 1.63 1.63 0.71
19 15 1.22 1.22 1.22 1.22 0.28
19 14 1.09 1.09 1.09 1.09 0.13
19 13 1.05 1.05 1.05 1.05 0.07
19 12 1.06 1.06 1.06 1.06 0.09
19 11 1.13 1.13 1.13 1.13 0.18
19 10 1.27 1.27 1.27 1.27 0.34
19 9 1.53 1.53 1.53 1.53 0.61
19 8 1.79 1.79 1.79 1.79 0.84
19 7 2.50 2.50 2.50 2.50 1.32
19 6 5.07 5.07 5.07 5.07 2.34
19 5 65.41 65.41 65.41 65.41 6.03
19 4 97.56 97.56 97.56 97.56 6.61
19 3 112.95 112.95 112.95 112.95 6.82
19 2 122.14 122.14 122.14 122.14 6.93
19 1 129.42 129.42 129.42 129.42 7.02
19 0 137.63 137.63 137.63 137.63 7.10

20 30 4896.61 4896.61 4896.61 4896.61 12.26
20 29 3829.91 3829.91 3829.91 3829.91 11.90
20 28 2979.13 2979.13 2979.13 2979.13 11.54
20 27 2299.43 2299.43 2299.43 2299.43 11.17
20 26 1754.69 1754.69 1754.69 1754.69 10.78
20 25 1315.49 1315.49 1315.49 1315.49 10.36
20 24 957.27 957.27 957.27 957.27 9.90
20 23 657.46 657.46 657.46 657.46 9.36
20 22 384.92 384.92 384.92 384.92 8.59
20 21 50.27 50.27 50.27 50.27 5.65
20 20 13.05 13.05 13.05 13.05 3.71
20 19 5.42 5.42 5.42 5.42 2.44
20 18 2.87 2.87 2.87 2.87 1.52
20 17 1.57 1.57 1.57 1.57 0.65
20 16 1.18 1.16 1.18 1.16 0.22
20 15 1.05 1.05 1.05 1.05 0.07
20 14 1.01 1.01 1.01 1.01 0.02
20 13 1.00 1.00 1.00 1.00 0.00
20 12 1.05 1.05 1.05 1.05 0.07
20 11 1.14 1.14 1.14 1.14 0.19
20 10 1.31 1.31 1.31 1.31 0.39
20 9 1.58 1.58 1.58 1.58 0.66
20 8 1.84 1.84 1.84 1.84 0.88
20 7 2.62 2.62 2.62 2.62 1.39
20 6 5.73 5.73 5.73 5.73 2.52
20 5 65.36 65.36 65.36 65.36 6.03
20 4 92.00 92.00 92.00 92.00 6.52
20 3 104.33 104.33 104.33 104.33 6.70
20 2 111.39 111.39 111.39 111.39 6.80
20 1 117.40 117.40 117.40 117.40 6.88
20 0 125.18 125.18 125.18 125.18 6.97

21 30 3918.16 3918.16 3918.16 3918.16 11.94
21 29 3042.21 3042.21 3042.21 3042.21 11.57
21 28 2342.36 2342.36 2342.36 2342.36 11.19
21 27 1781.55 1781.55 1781.55 1781.55 10.80
21 26 1329.61 1329.61 1329.61 1329.61 10.38
21 25 961.34 961.34 961.34 961.34 9.91
21 24 653.59 653.59 653.59 653.59 9.35
21 23 372.71 372.71 372.71 372.71 8.54
21 22 48.18 48.18 48.18 48.18 5.59
21 21 12.96 12.96 12.96 12.96 3.70
21 20 5.39 5.39 5.39 5.39 2.43
21 19 2.77 2.77 2.77 2.77 1.47
21 18 1.51 1.51 1.51 1.51 0.59
21 17 1.13 1.12 1.13 1.12 0.17
21 16 1.02 1.02 1.02 1.02 0.03
21 15 0.98 0.98 0.98 0.98 -0.03
21 14 0.96 0.96 0.96 0.96 -0.06
21 13 0.99 0.99 0.99 0.99 -0.01
21 12 1.06 1.06 1.06 1.06 0.08
21 11 1.16 1.16 1.16 1.16 0.22
21 10 1.35 1.35 1.35 1.35 0.43
21 9 1.62 1.62 1.62 1.62 0.70
21 8 1.88 1.88 1.88 1.88 0.91
21 7 2.71 2.71 2.71 2.71 1.44
21 6 6.36 6.36 6.36 6.36 2.67
21 5 63.43 63.43 63.43 63.43 5.99
21 4 85.21 85.22 85.21 85.22 6.41
21 3 94.69 94.69 94.69 94.69 6.57
21 2 100.02 100.03 100.02 100.03 6.64
21 1 105.38 105.38 105.38 105.38 6.72
21 0 113.37 113.37 113.37 113.37 6.82

22 30 3106.23 3106.23 3106.23 3106.23 11.60
22 29 2386.49 2386.49 2386.49 2386.49 11.22
22 28 1809.77 1809.77 1809.77 1809.77 10.82
22 27 1345.20 1345.20 1345.20 1345.20 10.39
22 26 966.94 966.94 966.94 966.94 9.92
22 25 651.16 651.16 651.16 651.16 9.35
22 24 361.35 361.35 361.35 361.35 8.50
22 23 46.68 46.68 46.68 46.68 5.54
22 22 12.89 12.89 12.89 12.89 3.69
22 21 5.37 5.37 5.37 5.37 2.42
22 20 2.70 2.70 2.70 2.70 1.43
22 19 1.47 1.47 1.47 1.47 0.56
22 18 1.10 1.09 1.11 1.09 0.14
22 17 1.00 1.00 1.00 1.00 0.00
22 16 0.96 0.96 0.96 0.96 -0.06
22 15 0.94 0.94 0.94 0.94 -0.08
22 14 0.94 0.94 0.94 0.94 -0.08
22 13 1.00 1.00 1.00 1.00 -0.00
22 12 1.07 1.07 1.07 1.07 0.10
22 11 1.19 1.19 1.19 1.19 0.25
22 10 1.39 1.39 1.39 1.39 0.47
22 9 1.65 1.65 1.65 1.65 0.72
22 8 1.89 1.89 1.89 1.89 0.92
22 7 2.74 2.74 2.74 2.74 1.45
22 6 6.92 6.92 6.92 6.92 2.79
22 5 60.01 60.01 60.01 60.01 5.91
22 4 77.40 77.40 77.40 77.40 6.27
22 3 84.40 84.41 84.40 84.41 6.40
22 2 88.66 88.66 88.66 88.66 6.47
22 1 94.09 94.09 94.09 94.09 6.56
22 0 102.81 102.81 102.81 102.81 6.68

23 30 2431.74 2431.74 2431.74 2431.74 11.25
23 29 1839.28 1839.28 1839.28 1839.28 10.84
23 28 1362.15 1362.15 1362.15 1362.15 10.41
23 27 973.88 973.88 973.88 973.88 9.93
23 26 649.92 649.92 649.92 649.92 9.34
23 25 350.73 350.73 350.73 350.73 8.45
23 24 45.58 45.58 45.58 45.58 5.51
23 23 12.83 12.83 12.83 12.83 3.68
23 22 5.35 5.35 5.35 5.35 2.42
23 21 2.49 2.49 2.49 2.49 1.32
23 20 1.44 1.44 1.44 1.44 0.53
23 19 1.07 1.06 1.07 1.06 0.10
23 18 0.98 0.98 0.98 0.98 -0.02
23 17 0.94 0.94 0.94 0.94 -0.09
23 16 0.93 0.93 0.93 0.93 -0.10
23 15 0.91 0.92 0.92 0.92 -0.13
23 14 0.96 0.96 0.96 0.96 -0.07
23 13 1.01 1.01 1.01 1.01 0.01
23 12 1.08 1.08 1.08 1.08 0.12
23 11 1.22 1.22 1.22 1.22 0.28
23 10 1.40 1.40 1.40 1.40 0.48
23 9 1.51 1.51 1.51 1.51 0.60
23 8 1.87 1.87 1.87 1.87 0.90
23 7 2.71 2.71 2.71 2.71 1.44
23 6 7.37 7.37 7.37 7.37 2.88
23 5 55.41 55.41 55.41 55.41 5.79
23 4 68.87 68.87 68.87 68.87 6.11
23 3 74.03 74.03 74.03 74.03 6.21
23 2 78.01 78.01 78.01 78.01 6.29
23 1 84.14 84.14 84.14 84.14 6.39
23 0 93.88 93.88 93.88 93.88 6.55

24 30 1869.96 1869.96 1869.96 1869.96 10.87
24 29 1380.31 1380.31 1380.31 1380.31 10.43
24 28 982.00 982.00 982.00 982.00 9.94
24 27 649.63 649.63 649.63 649.63 9.34
24 26 340.71 340.71 340.71 340.71 8.41
24 25 44.75 44.75 44.75 44.75 5.48
24 24 12.78 12.78 12.78 12.78 3.68
24 23 5.34 5.34 5.34 5.34 2.42
24 22 2.48 2.48 2.48 2.48 1.31
24 21 1.37 1.37 1.37 1.37 0.45
24 20 1.05 1.04 1.05 1.04 0.07
24 19 0.97 0.97 0.97 0.97 -0.04
24 18 0.95 0.95 0.95 0.95 -0.07
24 17 0.92 0.92 0.92 0.92 -0.12
24 16 0.91 0.91 0.91 0.91 -0.13
24 15 0.91 0.91 0.91 0.91 -0.14
24 14 0.96 0.96 0.96 0.96 -0.06
24 13 1.01 1.01 1.01 1.01 0.02
24 12 1.10 1.10 1.10 1.10 0.14
24 11 1.23 1.23 1.23 1.23 0.30
24 10 1.40 1.40 1.40 1.40 0.48
24 9 1.48 1.48 1.48 1.48 0.57
24 8 1.82 1.82 1.82 1.82 0.86
24 7 2.62 2.62 2.62 2.62 1.39
24 6 7.67 7.67 7.67 7.67 2.94
24 5 49.94 49.94 49.94 49.94 5.64
24 4 60.11 60.11 60.11 60.11 5.91
24 3 64.26 64.26 64.26 64.26 6.01
24 2 68.71 68.71 68.71 68.71 6.10
24 1 75.86 75.86 75.86 75.86 6.25
24 0 86.62 86.62 86.62 86.62 6.44

25 30 1399.55 1399.55 1399.55 1399.55 10.45
25 29 991.10 991.10 991.10 991.10 9.95
25 28 650.09 650.09 650.09 650.09 9.34
25 27 331.26 331.26 331.26 331.26 8.37
25 26 44.12 44.12 44.12 44.12 5.46
25 25 12.74 12.74 12.74 12.74 3.67
25 24 5.32 5.32 5.32 5.32 2.41
25 23 2.47 2.47 2.47 2.47 1.30
25 22 1.32 1.32 1.32 1.32 0.40
25 21 1.04 1.03 1.04 1.03 0.05
25 20 0.96 0.96 0.96 0.96 -0.05
25 19 0.94 0.94 0.94 0.94 -0.09
25 18 0.91 0.91 0.91 0.91 -0.14
25 17 0.91 0.91 0.91 0.91 -0.14
25 16 0.89 0.89 0.89 0.89 -0.17
25 15 0.93 0.93 0.93 0.93 -0.10
25 14 0.97 0.97 0.97 0.97 -0.05
25 13 1.02 1.02 1.02 1.02 0.03
25 12 1.11 1.11 1.11 1.11 0.16
25 11 1.23 1.23 1.23 1.23 0.30
25 10 1.39 1.39 1.39 1.39 0.47
25 9 1.44 1.44 1.44 1.44 0.53
25 8 1.74 1.74 1.74 1.74 0.80
25 7 2.47 2.47 2.47 2.47 1.31
25 6 7.79 7.79 7.79 7.79 2.96
25 5 43.99 43.99 43.99 43.99 5.46
25 4 51.69 51.69 51.69 51.69 5.69
25 3 55.71 55.72 55.71 55.72 5.80
25 2 61.07 61.07 61.07 61.07 5.93
25 1 69.26 69.26 69.26 69.26 6.11
25 0 80.87 80.87 80.87 80.87 6.34

26 30 1001.00 1001.00 1001.00 1001.00 9.97
26 29 651.09 651.09 651.09 651.09 9.35
26 28 322.42 322.42 322.42 322.42 8.33
26 27 43.63 43.63 43.63 43.63 5.45
26 26 12.71 12.71 12.71 12.71 3.67
26 25 5.31 5.31 5.31 5.31 2.41
26 24 2.46 2.46 2.46 2.46 1.30
26 23 1.20 1.20 1.20 1.20 0.26
26 22 1.03 1.02 1.03 1.02 0.03
26 21 0.96 0.96 0.96 0.96 -0.06
26 20 0.94 0.94 0.94 0.94 -0.09
26 19 0.93 0.93 0.93 0.93 -0.11
26 18 0.90 0.90 0.90 0.90 -0.15
26 17 0.89 0.89 0.89 0.89 -0.17
26 16 0.89 0.89 0.89 0.89 -0.17
26 15 0.93 0.93 0.93 0.93 -0.10
26 14 0.97 0.97 0.97 0.97 -0.04
26 13 1.03 1.03 1.03 1.03 0.04
26 12 1.12 1.12 1.12 1.12 0.16
26 11 1.23 1.23 1.23 1.23 0.30
26 10 1.24 1.24 1.24 1.24 0.32
26 9 1.38 1.38 1.38 1.38 0.47
26 8 1.64 1.64 1.64 1.64 0.72
26 7 2.28 2.28 2.28 2.28 1.19
26 6 7.70 7.70 7.70 7.70 2.95
26 5 37.97 37.97 37.97 37.97 5.25
26 4 44.19 44.19 44.19 44.19 5.47
26 3 48.72 48.72 48.72 48.72 5.61
26 2 55.06 55.06 55.06 55.06 5.78
26 1 64.12 64.12 64.12 64.12 6.00
26 0 76.39 76.39 76.39 76.39 6.26

27 30 652.45 652.45 652.45 652.45 9.35
27 29 314.25 314.25 314.25 314.25 8.30
27 28 43.25 43.25 43.25 43.25 5.43
27 27 12.69 12.69 12.69 12.69 3.67
27 26 5.31 5.31 5.31 5.31 2.41
27 25 2.46 2.46 2.46 2.46 1.30
27 24 1.18 1.18 1.18 1.18 0.24
27 23 1.02 1.01 1.02 1.01 0.02
27 22 0.96 0.96 0.96 0.96 -0.06
27 21 0.94 0.94 0.94 0.94 -0.09
27 20 0.93 0.93 0.93 0.93 -0.10
27 19 0.89 0.89 0.89 0.89 -0.16
27 18 0.89 0.89 0.89 0.89 -0.17
27 17 0.87 0.87 0.87 0.87 -0.20
27 16 0.91 0.91 0.91 0.91 -0.14
27 15 0.94 0.94 0.94 0.94 -0.09
27 14 0.98 0.98 0.98 0.98 -0.04
27 13 1.04 1.04 1.04 1.04 0.06
27 12 1.12 1.12 1.12 1.12 0.16
27 11 1.22 1.22 1.22 1.22 0.28
27 10 1.20 1.20 1.20 1.20 0.26
27 9 1.31 1.31 1.31 1.31 0.39
27 8 1.52 1.52 1.52 1.52 0.61
27 7 2.05 2.05 2.05 2.05 1.04
27 6 7.40 7.40 7.40 7.40 2.89
27 5 32.33 32.33 32.33 32.33 5.01
27 4 37.98 37.98 37.98 37.98 5.25
27 3 43.28 43.28 43.28 43.28 5.44
27 2 50.46 50.46 50.46 50.46 5.66
27 1 60.18 60.18 60.18 60.18 5.91
27 0 72.91 72.91 72.91 72.91 6.19

28 30 306.83 306.83 306.83 306.83 8.26
28 29 42.95 42.95 42.95 42.95 5.42
28 28 12.67 12.67 12.67 12.67 3.66
28 27 5.30 5.30 5.30 5.30 2.41
28 26 2.45 2.45 2.45 2.45 1.29
28 25 1.17 1.17 1.17 1.17 0.22
28 24 1.02 1.02 1.02 1.02 0.03
28 23 0.97 0.96 0.97 0.96 -0.05
28 22 0.96 0.96 0.96 0.96 -0.05
28 21 0.94 0.94 0.94 0.94 -0.09
28 20 0.93 0.93 0.93 0.93 -0.11
28 19 0.89 0.89 0.89 0.89 -0.17
28 18 0.87 0.87 0.87 0.87 -0.20
28 17 0.87 0.87 0.87 0.87 -0.20
28 16 0.91 0.91 0.91 0.91 -0.14
28 15 0.94 0.94 0.94 0.94 -0.09
28 14 0.98 0.98 0.98 0.98 -0.03
28 13 1.04 1.04 1.04 1.04 0.06
28 12 1.11 1.11 1.11 1.11 0.15
28 11 1.19 1.19 1.19 1.19 0.25
28 10 1.15 1.15 1.15 1.15 0.20
28 9 1.23 1.23 1.23 1.23 0.30
28 8 1.39 1.39 1.39 1.39 0.48
28 7 1.80 1.80 1.80 1.80 0.85
28 6 6.88 6.88 6.88 6.88 2.78
28 5 27.44 27.44 27.44 27.44 4.78
28 4 33.14 33.14 33.14 33.14 5.05
28 3 39.16 39.16 39.16 39.16 5.29
28 2 46.98 46.98 46.98 46.98 5.55
28 1 57.16 57.16 57.16 57.16 5.84
28 0 70.22 70.22 70.22 70.22 6.13

29 30 42.71 42.71 42.71 42.71 5.42
29 29 12.65 12.65 12.65 12.65 3.66
29 28 5.29 5.29 5.29 5.29 2.40
29 27 2.45 2.45 2.45 2.45 1.29
29 26 1.15 1.15 1.15 1.15 0.21
29 25 1.02 1.02 1.02 1.02 0.03
29 24 0.98 0.98 0.98 0.98 -0.03
29 23 0.97 0.97 0.97 0.97 -0.04
29 22 0.96 0.96 0.96 0.96 -0.06
29 21 0.95 0.95 0.95 0.95 -0.08
29 20 0.89 0.89 0.89 0.89 -0.17
29 19 0.88 0.88 0.88 0.88 -0.18
29 18 0.86 0.86 0.86 0.86 -0.21
29 17 0.89 0.89 0.89 0.89 -0.16
29 16 0.92 0.92 0.92 0.92 -0.12
29 15 0.95 0.95 0.95 0.95 -0.08
29 14 0.99 0.99 0.99 0.99 -0.01
29 13 1.04 1.04 1.04 1.04 0.06
29 12 1.09 1.09 1.09 1.09 0.13
29 11 1.16 1.16 1.16 1.16 0.21
29 10 1.10 1.10 1.10 1.10 0.13
29 9 1.15 1.15 1.15 1.15 0.20
29 8 1.26 1.26 1.26 1.26 0.33
29 7 1.55 1.55 1.55 1.55 0.63
29 6 6.20 6.20 6.20 6.20 2.63
29 5 23.48 23.48 23.48 23.48 4.55
29 4 29.49 29.49 29.49 29.49 4.88
29 3 36.08 36.08 36.08 36.08 5.17
29 2 44.35 44.35 44.35 44.35 5.47
29 1 54.84 54.84 54.84 54.84 5.78
29 0 68.13 68.13 68.13 68.13 6.09

30 30 12.63 12.63 12.63 12.63 3.66
30 29 5.29 5.29 5.29 5.29 2.40
30 28 2.44 2.44 2.44 2.44 1.29
30 27 1.14 1.14 1.14 1.14 0.19
30 26 1.02 1.01 1.02 1.01 0.02
30 25 0.98 0.98 0.98 0.98 -0.03
30 24 0.99 0.99 0.99 0.99 -0.02
30 23 0.96 0.96 0.96 0.96 -0.06
30 22 0.98 0.96 0.96 0.96 -0.05
30 21 0.93 0.93 0.93 0.93 -0.11
30 20 0.89 0.89 0.89 0.89 -0.17
30 19 0.86 0.86 0.86 0.86 -0.21
30 18 0.87 0.87 0.87 0.87 -0.21
30 17 0.90 0.90 0.90 0.90 -0.16
30 16 0.92 0.92 0.92 0.92 -0.12
30 15 0.95 0.95 0.95 0.95 -0.07
30 14 0.99 0.99 0.99 0.99 -0.01
30 13 1.03 1.03 1.03 1.03 0.05
30 12 1.08 1.08 1.08 1.08 0.11
30 11 1.12 1.12 1.12 1.12 0.17
30 10 1.04 1.04 1.04 1.04 0.06
30 9 1.07 1.07 1.07 1.07 0.10
30 8 1.12 1.12 1.12 1.12 0.17
30 7 1.30 1.30 1.30 1.30 0.38
30 6 5.41 5.41 5.41 5.41 2.44
30 5 20.46 20.46 20.46 20.46 4.35
30 4 26.79 26.79 26.79 26.79 4.74
30 3 33.78 33.78 33.78 33.78 5.08
30 2 42.34 42.34 42.34 42.34 5.40
30 1 53.05 53.05 53.05 53.05 5.73
30 0 66.49 66.49 66.49 66.49 6.06

