0 30 199614.04 199614.04 199614.04 199614.04 17.61
0 29 158666.85 158666.85 158666.85 158666.85 17.28
0 28 126100.82 126100.82 126100.82 126100.82 16.94
0 27 100207.60 100207.60 100207.60 100207.60 16.61
0 26 79623.98 79623.98 79623.98 79623.98 16.28
0 25 63263.86 63263.86 63263.86 63263.86 15.95
0 24 50262.25 50262.25 50262.25 50262.25 15.62
0 23 39930.72 39930.72 39930.72 39930.72 15.29
0 22 31721.58 31721.58 31721.58 31721.58 14.95
0 21 25199.25 25199.25 25199.25 25199.25 14.62
0 20 20017.40 20017.40 20017.40 20017.40 14.29
0 19 15900.70 15900.70 15900.70 15900.70 13.96
0 18 12630.31 12630.31 12630.31 12630.31 13.62
0 17 10032.34 10032.34 10032.34 10032.34 13.29
0 16 7968.58 7968.58 7968.58 7968.58 12.96
0 15 6329.24 6329.24 6329.24 6329.24 12.63
0 14 5027.09 5027.09 5027.09 5027.09 12.30
0 13 3992.82 3992.82 3992.82 3992.82 11.96
0 12 3171.39 3171.39 3171.39 3171.39 11.63
0 11 2519.10 2519.10 2519.09 2519.10 11.30
0 10 2001.23 2001.23 2001.23 2001.23 10.97
0 9 1590.27 1590.27 1590.26 1590.27 10.64
0 8 1264.37 1264.38 1264.37 1264.37 10.30
0 7 1006.29 1006.29 1006.29 1006.29 9.97
0 6 802.40 802.40 802.39 802.40 9.65
0 5 642.02 642.02 642.01 642.02 9.33
0 4 516.90 516.90 516.89 516.90 9.01
0 3 420.87 420.88 420.87 420.88 8.72
0 2 349.79 349.80 349.78 349.80 8.45
0 1 301.55 301.56 301.54 301.56 8.24
0 0 274.50 274.52 274.48 274.52 8.10

1 30 161052.28 161052.28 161052.28 161052.28 17.30
1 29 128012.31 128012.31 128012.31 128012.31 16.97
1 28 101736.14 101736.14 101736.14 101736.14 16.63
1 27 80843.87 80843.87 80843.87 80843.87 16.30
1 26 64235.76 64235.76 64235.76 64235.76 15.97
1 25 51035.36 51035.36 51035.36 51035.36 15.64
1 24 40544.82 40544.82 40544.82 40544.82 15.31
1 23 32208.66 32208.66 32208.66 32208.66 14.98
1 22 25585.00 25585.00 25585.00 25585.00 14.64
1 21 20322.36 20322.36 20322.36 20322.36 14.31
1 20 16141.30 16141.30 16141.30 16141.30 13.98
1 19 12819.67 12819.67 12819.67 12819.67 13.65
1 18 10180.91 10180.91 10180.91 10180.91 13.31
1 17 8084.69 8084.69 8084.69 8084.69 12.98
1 16 6419.52 6419.52 6419.52 6419.52 12.65
1 15 5096.79 5096.79 5096.79 5096.79 12.32
1 14 4046.12 4046.12 4046.12 4046.12 11.98
1 13 3211.60 3211.60 3211.60 3211.60 11.65
1 12 2548.81 2548.81 2548.81 2548.81 11.32
1 11 2022.50 2022.50 2022.50 2022.50 10.98
1 10 1604.65 1604.65 1604.65 1604.65 10.65
1 9 1273.07 1273.07 1273.07 1273.07 10.31
1 8 1010.15 1010.15 1010.15 1010.15 9.98
1 7 801.98 801.98 801.98 801.98 9.65
1 6 637.62 637.62 637.62 637.62 9.32
1 5 508.56 508.56 508.56 508.56 8.99
1 4 408.43 408.43 408.42 408.43 8.67
1 3 332.98 332.98 332.98 332.98 8.38
1 2 280.47 280.48 280.46 280.47 8.13
1 1 250.59 250.60 250.58 250.60 7.97
1 0 239.47 239.49 239.45 239.48 7.90

2 30 130704.34 130704.34 130704.34 130704.34 17.00
2 29 103887.20 103887.20 103887.20 103887.20 16.66
2 28 82559.69 82559.69 82559.69 82559.69 16.33
2 27 65602.16 65602.16 65602.16 65602.16 16.00
2 26 52121.94 52121.94 52121.94 52121.94 15.67
2 25 41407.65 41407.65 41407.65 41407.65 15.34
2 24 32892.85 32892.85 32892.85 32892.85 15.01
2 23 26126.69 26126.69 26126.69 26126.69 14.67
2 22 20750.48 20750.48 20750.48 20750.48 14.34
2 21 16478.98 16478.98 16478.98 16478.98 14.01
2 20 13085.35 13085.35 13085.34 13085.35 13.68
2 19 10389.28 10389.28 10389.28 10389.28 13.34
2 18 8247.46 8247.46 8247.46 8247.46 13.01
2 17 6546.00 6546.00 6546.00 6546.00 12.68
2 16 5194.39 5194.39 5194.39 5194.39 12.34
2 15 4120.72 4120.72 4120.72 4120.72 12.01
2 14 3267.86 3267.86 3267.86 3267.86 11.67
2 13 2590.42 2590.42 2590.42 2590.42 11.34
2 12 2052.35 2052.35 2052.35 2052.35 11.00
2 11 1625.02 1625.02 1625.01 1625.02 10.67
2 10 1285.69 1285.69 1285.68 1285.69 10.33
2 9 1016.33 1016.33 1016.32 1016.33 9.99
2 8 802.65 802.65 802.65 802.65 9.65
2 7 633.37 633.37 633.36 633.37 9.31
2 6 499.66 499.66 499.66 499.66 8.96
2 5 394.64 394.64 394.64 394.64 8.62
2 4 314.17 314.17 314.17 314.17 8.30
2 3 257.42 257.42 257.42 257.42 8.01
2 2 227.02 227.02 227.02 227.02 7.83
2 1 218.32 218.33 218.31 218.33 7.77
2 0 219.40 219.42 219.38 219.41 7.78

3 30 106016.47 106016.47 106016.47 106016.47 16.69
3 29 84259.04 84259.04 84259.04 84259.04 16.36
3 28 66955.38 66955.38 66955.38 66955.38 16.03
3 27 53197.24 53197.24 53197.24 53197.24 15.70
3 26 42260.32 42260.32 42260.32 42260.32 15.37
3 25 33567.49 33567.49 33567.49 33567.49 15.03
3 24 26659.16 26659.16 26659.16 26659.16 14.70
3 23 21169.54 21169.54 21169.54 21169.54 14.37
3 22 16807.63 16807.63 16807.63 16807.63 14.04
3 21 13341.97 13341.97 13341.97 13341.97 13.70
3 20 10588.55 10588.55 10588.55 10588.55 13.37
3 19 8401.07 8401.07 8401.07 8401.07 13.04
3 18 6663.24 6663.24 6663.24 6663.24 12.70
3 17 5282.66 5282.66 5282.66 5282.66 12.37
3 16 4185.89 4185.89 4185.89 4185.89 12.03
3 15 3314.58 3314.58 3314.58 3314.58 11.69
3 14 2622.35 2622.35 2622.35 2622.35 11.36
3 13 2072.37 2072.37 2072.37 2072.37 11.02
3 12 1635.36 1635.36 1635.36 1635.36 10.68
3 11 1287.69 1287.69 1287.69 1287.69 10.33
3 10 1011.02 1011.02 1011.02 1011.02 9.98
3 9 790.71 790.71 790.71 790.71 9.63
3 8 615.00 615.00 615.00 615.00 9.26
3 7 474.51 474.51 474.51 474.51 8.89
3 6 361.82 361.82 361.82 361.82 8.50
3 5 271.76 271.76 271.76 271.76 8.09
3 4 205.17 205.17 205.17 205.17 7.68
3 3 180.84 180.84 180.84 180.84 7.50
3 2 190.98 190.98 190.98 190.98 7.58
3 1 200.71 200.72 200.70 200.72 7.65
3 0 207.80 207.81 207.78 207.81 7.70

4 30 84250.58 84250.58 84250.58 84250.58 16.36
4 29 66949.82 66949.82 66949.82 66949.82 16.03
4 28 53190.49 53190.49 53190.49 53190.49 15.70
4 27 42250.38 42250.38 42250.38 42250.38 15.37
4 26 33553.57 33553.57 33553.57 33553.57 15.03
4 25 26641.14 26641.14 26641.14 26641.14 14.70
4 24 21147.65 21147.65 21147.65 21147.65 14.37
4 23 16782.24 16782.24 16782.24 16782.24 14.03
4 22 13313.50 13313.50 13313.50 13313.50 13.70
4 21 10557.41 10557.41 10557.41 10557.41 13.37
4 20 8367.61 8367.61 8367.61 8367.61 13.03
4 19 6627.78 6627.78 6627.78 6627.78 12.69
4 18 5245.30 5245.30 5245.30 5245.30 12.36
4 17 4145.99 4145.99 4145.99 4145.99 12.02
4 16 3272.15 3272.15 3272.15 3272.15 11.68
4 15 2577.34 2577.34 2577.34 2577.34 11.33
4 14 2024.58 2024.58 2024.58 2024.58 10.98
4 13 1584.41 1584.41 1584.41 1584.41 10.63
4 12 1233.32 1233.32 1233.32 1233.32 10.27
4 11 952.36 952.36 952.36 952.36 9.90
4 10 726.06 726.06 726.06 726.06 9.50
4 9 541.13 541.13 541.13 541.13 9.08
4 8 384.50 384.50 384.50 384.50 8.59
4 7 235.29 235.29 235.29 235.29 7.88
4 6 45.15 45.15 45.15 45.15 5.50
4 5 21.25 21.25 21.25 21.25 4.41
4 4 12.43 12.43 12.43 12.43 3.64
4 3 9.20 9.20 9.20 9.20 3.20
4 2 172.70 172.70 172.70 172.70 7.43
4 1 191.74 191.75 191.74 191.75 7.58
4 0 201.08 201.09 201.07 201.09 7.65

5 30 62304.19 62304.19 62304.19 62304.19 15.93
5 29 49488.71 49488.71 49488.71 49488.71 15.59
5 28 39294.80 39294.80 39294.80 39294.80 15.26
5 27 31188.08 31188.08 31188.08 31188.08 14.93
5 26 24742.37 24742.37 24742.37 24742.37 14.59
5 25 19617.42 19617.42 19617.42 19617.42 14.26
5 24 15543.70 15543.70 15543.70 15543.70 13.92
5 23 12305.85 12305.85 12305.85 12305.85 13.59
5 22 9732.47 9732.47 9732.47 9732.47 13.25
5 21 7687.17 7687.17 7687.17 7687.17 12.91
5 20 6061.38 6061.38 6061.38 6061.38 12.57
5 19 4768.74 4768.74 4768.74 4768.74 12.22
5 18 3740.49 3740.49 3740.49 3740.49 11.87
5 17 2921.83 2921.83 2921.83 2921.83 11.51
5 16 2268.98 2268.98 2268.98 2268.98 11.15
5 15 1746.77 1746.77 1746.77 1746.77 10.77
5 14 1326.49 1326.49 1326.49 1326.49 10.37
5 13 983.61 983.61 983.61 983.61 9.94
5 12 690.69 690.69 690.69 690.69 9.43
5 11 281.87 281.87 281.87 281.87 8.14
5 10 119.70 119.70 119.70 119.70 6.90
5 9 67.10 67.10 67.10 67.10 6.07
5 8 40.40 40.40 40.40 40.40 5.34
5 7 24.89 24.89 24.89 24.89 4.64
5 6 15.42 15.42 15.42 15.42 3.95
5 5 10.22 10.22 10.22 10.22 3.35
5 4 6.51 6.51 6.51 6.51 2.70
5 3 4.63 4.63 4.63 4.63 2.21
5 2 165.79 165.79 165.79 165.79 7.37
5 1 187.14 187.14 187.13 187.14 7.55
5 0 196.96 196.97 196.95 196.96 7.62

6 30 20288.13 20288.13 20288.13 20288.13 14.31
6 29 15872.77 15872.77 15872.77 15872.77 13.95
6 28 12372.58 12372.58 12372.58 12372.58 13.59
6 27 9602.89 9602.89 9602.89 9602.89 13.23
6 26 7416.45 7416.45 7416.45 7416.45 12.86
6 25 5695.69 5695.69 5695.69 5695.69 12.48
6 24 4346.91 4346.91 4346.91 4346.91 12.09
6 23 3295.24 3295.24 3295.24 3295.24 11.69
6 22 2480.26 2480.26 2480.26 2480.26 11.28
6 21 1853.21 1853.21 1853.21 1853.21 10.86
6 20 1374.56 1374.56 1374.56 1374.56 10.42
6 19 1012.26 1012.26 1012.26 1012.26 9.98
6 18 740.34 740.34 740.34 740.34 9.53
6 17 537.87 537.87 537.87 537.87 9.07
6 16 388.40 388.40 388.40 388.40 8.60
6 15 278.84 278.84 278.84 278.84 8.12
6 14 199.03 199.03 199.03 199.03 7.64
6 13 141.15 141.15 141.15 141.15 7.14
6 12 99.37 99.37 99.37 99.37 6.63
6 11 69.32 69.32 69.32 69.32 6.12
6 10 47.78 47.78 47.78 47.78 5.58
6 9 32.40 32.40 32.40 32.40 5.02
6 8 21.50 21.50 21.50 21.50 4.43
6 7 13.91 13.91 13.91 13.91 3.80
6 6 9.49 9.49 9.49 9.49 3.25
6 5 6.14 6.14 6.14 6.14 2.62
6 4 4.07 4.07 4.07 4.07 2.02
6 3 3.15 3.15 3.15 3.15 1.66
6 2 163.83 163.83 163.83 163.83 7.36
6 1 184.55 184.55 184.54 184.55 7.53
6 0 194.23 194.23 194.22 194.23 7.60

7 30 6124.98 6124.98 6124.98 6124.98 12.58
7 29 4855.21 4855.21 4855.21 4855.21 12.25
7 28 3845.48 3845.48 3845.48 3845.48 11.91
7 27 3042.78 3042.78 3042.78 3042.78 11.57
7 26 2404.84 2404.84 2404.84 2404.84 11.23
7 25 1897.98 1897.98 1897.98 1897.98 10.89
7 24 1495.41 1495.41 1495.41 1495.41 10.55
7 23 1175.78 1175.78 1175.78 1175.78 10.20
7 22 922.16 922.16 922.16 922.16 9.85
7 21 721.05 721.05 721.05 721.05 9.49
7 20 561.73 561.73 561.73 561.73 9.13
7 19 435.71 435.71 435.71 435.71 8.77
7 18 336.20 336.20 336.20 336.20 8.39
7 17 257.83 257.83 257.83 257.83 8.01
7 16 196.30 196.30 196.30 196.30 7.62
7 15 148.20 148.20 148.20 148.20 7.21
7 14 110.77 110.77 110.77 110.77 6.79
7 13 81.82 81.82 81.82 81.82 6.35
7 12 59.57 59.57 59.57 59.57 5.90
7 11 42.61 42.61 42.61 42.61 5.41
7 10 29.78 29.78 29.78 29.78 4.90
7 9 20.22 20.22 20.22 20.22 4.34
7 8 14.47 14.47 14.47 14.47 3.86
7 7 9.48 9.48 9.48 9.48 3.25
7 6 5.93 5.93 5.93 5.93 2.57
7 5 3.86 3.86 3.86 3.86 1.95
7 4 2.76 2.76 2.76 2.76 1.47
7 3 2.35 2.35 2.35 2.35 1.24
7 2 163.51 163.51 163.51 163.51 7.35
7 1 182.94 182.94 182.94 182.94 7.52
7 0 192.29 192.29 192.28 192.29 7.59

8 30 4001.14 4001.14 4001.14 4001.14 11.97
8 29 3173.78 3173.78 3173.78 3173.78 11.63
8 28 2515.82 2515.82 2515.82 2515.82 11.30
8 27 1992.70 1992.70 1992.70 1992.70 10.96
8 26 1576.90 1576.90 1576.90 1576.90 10.62
8 25 1246.46 1246.46 1246.46 1246.46 10.28
8 24 983.93 983.93 983.93 983.93 9.94
8 23 775.39 775.39 775.39 775.39 9.60
8 22 609.78 609.78 609.78 609.78 9.25
8 21 478.33 478.33 478.33 478.33 8.90
8 20 374.03 374.03 374.03 374.03 8.55
8 19 291.34 291.34 291.34 291.34 8.19
8 18 225.84 225.84 225.84 225.84 7.82
8 17 174.04 174.04 174.04 174.04 7.44
8 16 133.14 133.14 133.14 133.14 7.06
8 15 100.93 100.93 100.93 100.93 6.66
8 14 75.64 75.64 75.64 75.64 6.24
8 13 55.87 55.87 55.87 55.87 5.80
8 12 40.50 40.50 40.50 40.50 5.34
8 11 28.64 28.64 28.64 28.64 4.84
8 10 20.87 20.87 20.87 20.87 4.38
8 9 14.23 14.23 14.23 14.23 3.83
8 8 9.28 9.28 9.28 9.28 3.21
8 7 5.68 5.68 5.68 5.68 2.51
8 6 3.87 3.87 3.87 3.87 1.95
8 5 2.65 2.65 2.65 2.65 1.41
8 4 2.07 2.07 2.07 2.07 1.05
8 3 1.91 1.91 1.91 1.91 0.93
8 2 163.66 163.66 163.66 163.66 7.35
8 1 181.86 181.86 181.86 181.86 7.51
8 0 190.81 190.82 190.81 190.82 7.58

9 30 2932.57 2932.57 2932.57 2932.57 11.52
9 29 2326.20 2326.20 2326.20 2326.20 11.18
9 28 1843.97 1843.97 1843.97 1843.97 10.85
9 27 1460.56 1460.56 1460.56 1460.56 10.51
9 26 1155.79 1155.79 1155.79 1155.79 10.17
9 25 913.59 913.59 913.59 913.59 9.84
9 24 721.14 721.14 721.14 721.14 9.49
9 23 568.25 568.25 568.25 568.25 9.15
9 22 446.81 446.81 446.81 446.81 8.80
9 21 350.39 350.39 350.39 350.39 8.45
9 20 273.85 273.85 273.85 273.85 8.10
9 19 213.13 213.13 213.13 213.13 7.74
9 18 165.00 165.00 165.00 165.00 7.37
9 17 126.88 126.88 126.88 126.88 6.99
9 16 96.73 96.73 96.73 96.73 6.60
9 15 72.93 72.93 72.93 72.93 6.19
9 14 54.20 54.20 54.20 54.20 5.76
9 13 39.52 39.52 39.52 39.52 5.30
9 12 28.08 28.08 28.08 28.08 4.81
9 11 19.28 19.28 19.28 19.28 4.27
9 10 12.67 12.67 12.67 12.67 3.66
9 9 9.51 9.51 9.51 9.51 3.25
9 8 5.97 5.97 5.97 5.97 2.58
9 7 3.83 3.83 3.83 3.83 1.94
9 6 2.57 2.57 2.57 2.57 1.36
9 5 1.96 1.96 1.96 1.96 0.97
9 4 1.68 1.68 1.68 1.68 0.75
9 3 1.63 1.63 1.63 1.63 0.71
9 2 163.89 163.89 163.89 163.89 7.36
9 1 181.05 181.05 181.05 181.05 7.50
9 0 189.61 189.62 189.61 189.62 7.57

10 30 2241.99 2241.99 2241.99 2241.99 11.13
10 29 1777.98 1777.98 1777.98 1777.98 10.80
10 28 1408.96 1408.96 1408.96 1408.96 10.46
10 27 1115.56 1115.56 1115.56 1115.56 10.12
10 26 882.33 882.33 882.33 882.33 9.79
10 25 696.98 696.98 696.98 696.98 9.44
10 24 549.70 549.70 549.70 549.70 9.10
10 23 432.68 432.68 432.68 432.68 8.76
10 22 339.74 339.74 339.74 339.74 8.41
10 21 265.93 265.93 265.93 265.93 8.05
10 20 207.33 207.33 207.33 207.33 7.70
10 19 160.84 160.84 160.84 160.84 7.33
10 18 123.96 123.96 123.96 123.96 6.95
10 17 94.75 94.75 94.75 94.75 6.57
10 16 71.63 71.63 71.63 71.63 6.16
10 15 53.38 53.38 53.38 53.38 5.74
10 14 39.02 39.02 39.02 39.02 5.29
10 13 30.31 30.31 30.31 30.31 4.92
10 12 21.70 21.70 21.70 21.70 4.44
10 11 14.75 14.75 14.75 14.75 3.88
10 10 9.47 9.47 9.47 9.47 3.24
10 9 5.94 5.94 5.94 5.94 2.57
10 8 3.84 3.84 3.84 3.84 1.94
10 7 2.57 2.57 2.57 2.57 1.36
10 6 1.86 1.86 1.86 1.86 0.89
10 5 1.58 1.58 1.58 1.58 0.66
10 4 1.47 1.47 1.47 1.47 0.56
10 3 1.46 1.46 1.46 1.46 0.55
10 2 164.10 164.10 164.10 164.10 7.36
10 1 180.41 180.41 180.41 180.41 7.50
10 0 188.57 188.57 188.56 188.57 7.56

11 30 1746.04 1746.04 1746.04 1746.04 10.77
11 29 1384.07 1384.07 1384.07 1384.07 10.43
11 28 1096.20 1096.20 1096.20 1096.20 10.10
11 27 867.33 867.33 867.33 867.33 9.76
11 26 685.39 685.39 685.39 685.39 9.42
11 25 540.80 540.80 540.80 540.80 9.08
11 24 425.90 425.90 425.90 425.90 8.73
11 23 334.62 334.62 334.62 334.62 8.39
11 22 262.11 262.11 262.11 262.11 8.03
11 21 204.53 204.53 204.53 204.53 7.68
11 20 158.82 158.82 158.82 158.82 7.31
11 19 122.54 122.54 122.54 122.54 6.94
11 18 93.77 93.77 93.77 93.77 6.55
11 17 78.71 78.71 78.71 78.71 6.30
11 16 58.64 58.64 58.64 58.64 5.87
11 15 43.32 43.32 43.32 43.32 5.44
11 14 31.21 31.21 31.21 31.21 4.96
11 13 22.19 22.19 22.19 22.19 4.47
11 12 14.70 14.70 14.70 14.70 3.88
11 11 9.30 9.30 9.30 9.30 3.22
11 10 5.70 5.70 5.70 5.70 2.51
11 9 3.69 3.69 3.69 3.69 1.88
11 8 2.51 2.51 2.51 2.51 1.33
11 7 1.86 1.86 1.86 1.86 0.89
11 6 1.48 1.48 1.48 1.48 0.57
11 5 1.36 1.36 1.36 1.36 0.45
11 4 1.34 1.34 1.34 1.34 0.42
11 3 1.33 1.33 1.33 1.33 0.41
11 2 164.25 164.25 164.25 164.25 7.36
11 1 179.84 179.84 179.84 179.84 7.49
11 0 187.58 187.59 187.58 187.59 7.55

12 30 1371.36 1371.36 1371.36 1371.36 10.42
12 29 1164.71 1164.71 1164.71 1164.71 10.19
12 28 922.80 922.80 922.80 922.80 9.85
12 27 733.13 733.13 733.13 733.13 9.52
12 26 584.83 584.83 584.83 584.83 9.19
12 25 466.97 466.97 466.97 466.97 8.87
12 24 366.83 366.83 366.83 366.83 8.52
12 23 288.98 288.98 288.98 288.98 8.17
12 22 225.44 225.44 225.44 225.44 7.82
12 21 175.01 175.01 175.01 175.01 7.45
12 20 135.00 135.00 135.00 135.00 7.08
12 19 104.29 104.29 104.29 104.29 6.70
12 18 78.93 78.93 78.93 78.93 6.30
12 17 59.19 59.19 59.19 59.19 5.89
12 16 43.47 43.47 43.47 43.47 5.44
12 15 31.94 31.94 31.94 31.94 5.00
12 14 22.27 22.27 22.27 22.27 4.48
12 13 14.63 14.63 14.63 14.63 3.87
12 12 9.21 9.21 9.21 9.21 3.20
12 11 5.54 5.54 5.54 5.54 2.47
12 10 3.55 3.55 3.55 3.55 1.83
12 9 2.37 2.37 2.37 2.37 1.24
12 8 1.77 1.77 1.77 1.77 0.82
12 7 1.45 1.45 1.45 1.45 0.54
12 6 1.28 1.28 1.28 1.28 0.36
12 5 1.25 1.25 1.25 1.25 0.32
12 4 1.25 1.25 1.25 1.25 0.33
12 3 1.21 1.21 1.21 1.21 0.27
12 2 164.32 164.32 164.32 164.32 7.36
12 1 179.30 179.30 179.30 179.30 7.49
12 0 186.59 186.60 186.59 186.60 7.54

13 30 1192.49 1192.49 1192.49 1192.49 10.22
13 29 943.95 943.95 943.95 943.95 9.88
13 28 750.29 750.29 750.29 750.29 9.55
13 27 592.16 592.16 592.16 592.16 9.21
13 26 466.47 466.47 466.47 466.47 8.87
13 25 367.07 367.07 367.07 367.07 8.52
13 24 288.04 288.04 288.04 288.04 8.17
13 23 225.84 225.84 225.84 225.84 7.82
13 22 175.66 175.66 175.66 175.66 7.46
13 21 135.59 135.59 135.59 135.59 7.08
13 20 103.80 103.80 103.80 103.80 6.70
13 19 79.04 79.04 79.04 79.04 6.30
13 18 59.00 59.00 59.00 59.00 5.88
13 17 43.36 43.36 43.36 43.36 5.44
13 16 31.87 31.87 31.87 31.87 4.99
13 15 22.21 22.21 22.21 22.21 4.47
13 14 14.56 14.56 14.56 14.56 3.86
13 13 8.98 8.98 8.98 8.98 3.17
13 12 5.39 5.39 5.39 5.39 2.43
13 11 3.29 3.29 3.29 3.29 1.72
13 10 2.25 2.25 2.25 2.25 1.17
13 9 1.66 1.66 1.66 1.66 0.73
13 8 1.39 1.39 1.39 1.39 0.48
13 7 1.22 1.22 1.22 1.22 0.29
13 6 1.16 1.16 1.16 1.16 0.22
13 5 1.18 1.18 1.18 1.18 0.24
13 4 1.20 1.20 1.20 1.20 0.26
13 3 1.17 1.17 1.17 1.17 0.22
13 2 164.32 164.32 164.32 164.32 7.36
13 1 178.75 178.75 178.75 178.75 7.48
13 0 185.53 185.54 185.53 185.53 7.54

14 30 942.80 942.80 942.80 942.80 9.88
14 29 749.56 749.56 749.56 749.56 9.55
14 28 592.59 592.59 592.59 592.59 9.21
14 27 466.91 466.91 466.91 466.91 8.87
14 26 367.02 367.02 367.02 367.02 8.52
14 25 288.05 288.05 288.05 288.05 8.17
14 24 225.87 225.87 225.87 225.87 7.82
14 23 175.49 175.49 175.49 175.49 7.46
14 22 135.90 135.90 135.90 135.90 7.09
14 21 104.08 104.08 104.08 104.08 6.70
14 20 78.85 78.85 78.85 78.85 6.30
14 19 58.88 58.88 58.88 58.88 5.88
14 18 44.11 44.11 44.11 44.11 5.46
14 17 31.82 31.82 31.82 31.82 4.99
14 16 22.13 22.13 22.13 22.13 4.47
14 15 14.49 14.49 14.49 14.49 3.86
14 14 8.92 8.92 8.92 8.92 3.16
14 13 5.32 5.32 5.32 5.32 2.41
14 12 3.16 3.16 3.16 3.16 1.66
14 11 2.11 2.11 2.11 2.11 1.08
14 10 1.57 1.57 1.57 1.57 0.65
14 9 1.31 1.31 1.31 1.31 0.39
14 8 1.18 1.18 1.18 1.18 0.24
14 7 1.11 1.11 1.11 1.11 0.15
14 6 1.09 1.09 1.09 1.09 0.13
14 5 1.13 1.13 1.13 1.13 0.18
14 4 1.17 1.17 1.17 1.17 0.22
14 3 1.14 1.14 1.14 1.14 0.19
14 2 164.25 164.25 164.25 164.25 7.36
14 1 178.15 178.15 178.15 178.15 7.48
14 0 184.34 184.35 184.34 184.35 7.53

15 30 747.05 747.05 747.05 747.05 9.55
15 29 590.72 590.72 590.72 590.72 9.21
15 28 465.56 465.56 465.56 465.56 8.86
15 27 366.55 366.55 366.55 366.55 8.52
15 26 287.33 287.33 287.33 287.33 8.17
15 25 224.39 224.39 224.39 224.39 7.81
15 24 174.64 174.64 174.64 174.64 7.45
15 23 135.44 135.44 135.44 135.44 7.08
15 22 103.75 103.75 103.75 103.75 6.70
15 21 80.07 80.07 80.07 80.07 6.32
15 20 59.81 59.81 59.81 59.81 5.90
15 19 43.99 43.99 43.99 43.99 5.46
15 18 31.73 31.73 31.73 31.73 4.99
15 17 22.09 22.09 22.09 22.09 4.47
15 16 14.45 14.45 14.45 14.45 3.85
15 15 8.87 8.87 8.87 8.87 3.15
15 14 5.17 5.17 5.17 5.17 2.37
15 13 3.09 3.09 3.09 3.09 1.63
15 12 1.99 1.99 1.99 1.99 0.99
15 11 1.49 1.49 1.49 1.49 0.58
15 10 1.24 1.24 1.24 1.24 0.31
15 9 1.12 1.12 1.12 1.12 0.17
15 8 1.06 1.06 1.06 1.06 0.09
15 7 1.05 1.05 1.05 1.05 0.07
15 6 1.05 1.05 1.05 1.05 0.07
15 5 1.10 1.10 1.10 1.10 0.14
15 4 1.13 1.13 1.13 1.13 0.18
15 3 1.12 1.12 1.12 1.12 0.16
15 2 164.10 164.10 164.10 164.10 7.36
15 1 177.47 177.47 177.47 177.47 7.47
15 0 182.96 182.97 182.95 182.96 7.52

16 30 590.37 590.37 590.37 590.37 9.21
16 29 465.35 465.35 465.35 465.35 8.86
16 28 365.94 365.94 365.94 365.94 8.52
16 27 286.90 286.90 286.90 286.90 8.16
16 26 228.15 228.15 228.15 228.15 7.83
16 25 177.34 177.34 177.34 177.34 7.47
16 24 136.98 136.98 136.98 136.98 7.10
16 23 104.95 104.95 104.95 104.95 6.71
16 22 79.66 79.66 79.66 79.66 6.32
16 21 59.75 59.75 59.75 59.75 5.90
16 20 43.75 43.75 43.75 43.75 5.45
16 19 31.55 31.55 31.55 31.55 4.98
16 18 21.81 21.81 21.81 21.81 4.45
16 17 14.28 14.28 14.28 14.28 3.84
16 16 8.75 8.75 8.75 8.75 3.13
16 15 5.07 5.07 5.07 5.07 2.34
16 14 2.94 2.94 2.94 2.94 1.56
16 13 1.87 1.87 1.87 1.87 0.90
16 12 1.40 1.40 1.40 1.40 0.49
16 11 1.19 1.19 1.19 1.19 0.25
16 10 1.07 1.07 1.07 1.07 0.10
16 9 1.02 1.02 1.02 1.02 0.03
16 8 0.99 0.99 0.99 0.99 -0.01
16 7 1.01 1.01 1.01 1.01 0.01
16 6 1.02 1.02 1.02 1.02 0.03
16 5 1.08 1.08 1.08 1.08 0.10
16 4 1.13 1.13 1.13 1.13 0.17
16 3 1.10 1.10 1.10 1.10 0.14
16 2 163.86 163.86 163.86 163.86 7.36
16 1 176.69 176.69 176.68 176.69 7.47
16 0 181.32 181.32 181.31 181.32 7.50

17 30 464.72 464.72 464.72 464.72 8.86
17 29 365.49 365.49 365.49 365.49 8.51
17 28 291.82 291.82 291.82 291.82 8.19
17 27 227.95 227.95 227.95 227.95 7.83
17 26 177.20 177.20 177.20 177.20 7.47
17 25 136.89 136.89 136.89 136.89 7.10
17 24 104.88 104.88 104.88 104.88 6.71
17 23 79.82 79.82 79.82 79.82 6.32
17 22 59.62 59.62 59.62 59.62 5.90
17 21 43.66 43.66 43.66 43.66 5.45
17 20 31.34 31.34 31.34 31.34 4.97
17 19 21.72 21.72 21.72 21.72 4.44
17 18 14.26 14.26 14.26 14.26 3.83
17 17 8.71 8.71 8.71 8.71 3.12
17 16 5.03 5.03 5.03 5.03 2.33
17 15 2.86 2.86 2.86 2.86 1.52
17 14 1.77 1.77 1.77 1.77 0.83
17 13 1.32 1.32 1.32 1.32 0.40
17 12 1.13 1.13 1.13 1.13 0.18
17 11 1.03 1.03 1.03 1.03 0.05
17 10 0.99 0.99 0.99 0.99 -0.02
17 9 0.96 0.96 0.96 0.96 -0.06
17 8 0.95 0.95 0.95 0.95 -0.07
17 7 0.98 0.98 0.98 0.98 -0.03
17 6 1.00 1.00 1.00 1.00 0.00
17 5 1.07 1.07 1.07 1.07 0.10
17 4 1.11 1.11 1.11 1.11 0.15
17 3 1.09 1.09 1.09 1.09 0.13
17 2 163.54 163.54 163.54 163.54 7.35
17 1 175.76 175.76 175.76 175.76 7.46
17 0 179.33 179.34 179.32 179.34 7.49

18 30 365.12 365.12 365.12 365.12 8.51
18 29 286.34 286.34 286.34 286.34 8.16
18 28 223.70 223.70 223.70 223.70 7.81
18 27 174.59 174.59 174.59 174.59 7.45
18 26 134.88 134.88 134.88 134.88 7.08
18 25 103.35 103.35 103.35 103.35 6.69
18 24 78.33 78.33 78.33 78.33 6.29
18 23 58.51 58.51 58.51 58.51 5.87
18 22 43.64 43.64 43.64 43.64 5.45
18 21 31.09 31.09 31.09 31.09 4.96
18 20 21.57 21.57 21.57 21.57 4.43
18 19 14.24 14.24 14.24 14.24 3.83
18 18 8.69 8.69 8.69 8.69 3.12
18 17 5.00 5.00 5.00 5.00 2.32
18 16 2.82 2.82 2.82 2.82 1.50
18 15 1.69 1.69 1.69 1.69 0.76
18 14 1.26 1.26 1.26 1.26 0.33
18 13 1.09 1.09 1.09 1.09 0.12
18 12 1.00 1.00 1.00 1.00 0.00
18 11 0.96 0.96 0.96 0.96 -0.06
18 10 0.93 0.93 0.93 0.93 -0.10
18 9 0.93 0.93 0.93 0.93 -0.11
18 8 0.93 0.93 0.93 0.93 -0.11
18 7 0.96 0.96 0.96 0.96 -0.06
18 6 0.99 0.99 0.99 0.99 -0.02
18 5 1.06 1.06 1.06 1.06 0.09
18 4 1.10 1.10 1.10 1.10 0.14
18 3 1.08 1.08 1.08 1.08 0.11
18 2 163.13 163.13 163.13 163.13 7.35
18 1 174.67 174.67 174.67 174.67 7.45
18 0 176.91 176.92 176.90 176.92 7.47

19 30 286.10 286.10 286.10 286.10 8.16
19 29 223.54 223.54 223.54 223.54 7.80
19 28 173.81 173.81 173.81 173.81 7.44
19 27 134.29 134.29 134.29 134.29 7.07
19 26 102.90 102.90 102.90 102.90 6.69
19 25 78.00 78.00 78.00 78.00 6.29
19 24 58.48 58.48 58.48 58.48 5.87
19 23 42.82 42.82 42.82 42.82 5.42
19 22 30.50 30.50 30.50 30.50 4.93
19 21 21.46 21.46 21.46 21.46 4.42
19 20 14.13 14.13 14.13 14.13 3.82
19 19 8.67 8.67 8.67 8.67 3.12
19 18 4.98 4.98 4.98 4.98 2.32
19 17 2.79 2.79 2.79 2.79 1.48
19 16 1.65 1.65 1.65 1.65 0.72
19 15 1.20 1.20 1.20 1.20 0.26
19 14 1.04 1.04 1.04 1.04 0.06
19 13 0.97 0.97 0.97 0.97 -0.04
19 12 0.94 0.94 0.94 0.94 -0.09
19 11 0.91 0.91 0.91 0.91 -0.13
19 10 0.91 0.91 0.91 0.91 -0.14
19 9 0.90 0.90 0.90 0.90 -0.15
19 8 0.91 0.91 0.91 0.91 -0.13
19 7 0.95 0.95 0.95 0.95 -0.07
19 6 0.97 0.97 0.97 0.97 -0.04
19 5 1.05 1.05 1.05 1.05 0.07
19 4 1.10 1.10 1.10 1.10 0.14
19 3 1.07 1.07 1.07 1.07 0.10
19 2 162.61 162.61 162.61 162.61 7.35
19 1 173.37 173.38 173.37 173.38 7.44
19 0 173.94 173.95 173.92 173.95 7.44

20 30 223.37 223.37 223.37 223.37 7.80
20 29 173.70 173.70 173.70 173.70 7.44
20 28 134.22 134.22 134.22 134.22 7.07
20 27 102.86 102.86 102.86 102.86 6.68
20 26 77.96 77.96 77.96 77.96 6.28
20 25 58.24 58.24 58.24 58.24 5.86
20 24 42.64 42.64 42.64 42.64 5.41
20 23 30.37 30.37 30.37 30.37 4.92
20 22 20.81 20.81 20.81 20.81 4.38
20 21 13.88 13.88 13.88 13.88 3.79
20 20 8.55 8.55 8.55 8.55 3.10
20 19 4.93 4.93 4.93 4.93 2.30
20 18 2.76 2.76 2.76 2.76 1.47
20 17 1.61 1.61 1.61 1.61 0.68
20 16 1.16 1.16 1.16 1.16 0.22
20 15 1.02 1.02 1.02 1.02 0.03
20 14 0.95 0.95 0.95 0.95 -0.07
20 13 0.92 0.92 0.92 0.92 -0.12
20 12 0.90 0.90 0.90 0.90 -0.15
20 11 0.89 0.89 0.89 0.89 -0.17
20 10 0.89 0.89 0.89 0.89 -0.17
20 9 0.88 0.88 0.88 0.88 -0.18
20 8 0.91 0.91 0.91 0.91 -0.14
20 7 0.94 0.94 0.94 0.94 -0.08
20 6 0.96 0.96 0.96 0.96 -0.05
20 5 1.05 1.05 1.05 1.05 0.07
20 4 1.10 1.10 1.10 1.10 0.13
20 3 1.07 1.07 1.07 1.07 0.09
20 2 161.99 161.99 161.99 161.99 7.34
20 1 171.85 171.85 171.84 171.85 7.42
20 0 170.25 170.27 170.23 170.26 7.41

21 30 173.57 173.57 173.57 173.57 7.44
21 29 134.14 134.14 134.14 134.14 7.07
21 28 102.81 102.81 102.81 102.81 6.68
21 27 77.93 77.93 77.93 77.93 6.28
21 26 58.21 58.21 58.21 58.21 5.86
21 25 42.62 42.62 42.62 42.62 5.41
21 24 30.35 30.35 30.35 30.35 4.92
21 23 20.79 20.79 20.79 20.79 4.38
21 22 13.51 13.51 13.51 13.51 3.76
21 21 8.54 8.54 8.54 8.54 3.09
21 20 4.91 4.91 4.91 4.91 2.30
21 19 2.72 2.72 2.72 2.72 1.44
21 18 1.56 1.56 1.56 1.56 0.64
21 17 1.13 1.13 1.13 1.13 0.18
21 16 1.00 1.00 1.00 1.00 -0.01
21 15 0.95 0.95 0.95 0.95 -0.08
21 14 0.91 0.91 0.91 0.91 -0.14
21 13 0.89 0.89 0.89 0.89 -0.17
21 12 0.88 0.88 0.88 0.88 -0.19
21 11 0.87 0.87 0.87 0.87 -0.19
21 10 0.87 0.87 0.87 0.87 -0.19
21 9 0.87 0.87 0.87 0.87 -0.20
21 8 0.90 0.90 0.90 0.90 -0.15
21 7 0.93 0.93 0.93 0.93 -0.10
21 6 0.96 0.96 0.96 0.96 -0.06
21 5 1.04 1.04 1.04 1.04 0.06
21 4 1.09 1.09 1.09 1.09 0.13
21 3 1.06 1.06 1.06 1.06 0.09
21 2 161.26 161.26 161.26 161.26 7.33
21 1 170.05 170.05 170.05 170.05 7.41
21 0 165.62 165.63 165.60 165.63 7.37

22 30 133.83 133.83 133.83 133.83 7.06
22 29 102.74 102.74 102.74 102.74 6.68
22 28 77.89 77.89 77.89 77.89 6.28
22 27 58.19 58.19 58.19 58.19 5.86
22 26 42.61 42.61 42.61 42.61 5.41
22 25 30.34 30.34 30.34 30.34 4.92
22 24 20.78 20.78 20.78 20.78 4.38
22 23 13.50 13.50 13.50 13.50 3.75
22 22 8.19 8.19 8.19 8.19 3.03
22 21 4.86 4.86 4.86 4.86 2.28
22 20 2.70 2.70 2.70 2.70 1.43
22 19 1.53 1.53 1.53 1.53 0.61
22 18 1.10 1.10 1.10 1.10 0.13
22 17 0.98 0.98 0.98 0.98 -0.04
22 16 0.93 0.93 0.93 0.93 -0.10
22 15 0.91 0.91 0.91 0.91 -0.14
22 14 0.88 0.88 0.88 0.88 -0.18
22 13 0.87 0.87 0.87 0.87 -0.20
22 12 0.87 0.87 0.87 0.87 -0.21
22 11 0.86 0.86 0.86 0.86 -0.21
22 10 0.86 0.86 0.86 0.86 -0.21
22 9 0.87 0.87 0.87 0.87 -0.20
22 8 0.89 0.89 0.89 0.89 -0.16
22 7 0.92 0.92 0.92 0.92 -0.11
22 6 0.95 0.95 0.95 0.95 -0.07
22 5 1.05 1.05 1.05 1.05 0.07
22 4 1.09 1.09 1.09 1.09 0.12
22 3 1.05 1.05 1.05 1.05 0.08
22 2 160.42 160.42 160.42 160.42 7.33
22 1 167.97 167.97 167.97 167.97 7.39
22 0 159.68 159.68 159.66 159.68 7.32

23 30 102.51 102.51 102.51 102.51 6.68
23 29 77.85 77.85 77.85 77.85 6.28
23 28 58.16 58.16 58.16 58.16 5.86
23 27 42.59 42.59 42.59 42.59 5.41
23 26 30.33 30.33 30.33 30.33 4.92
23 25 20.77 20.77 20.77 20.77 4.38
23 24 13.49 13.49 13.49 13.49 3.75
23 23 8.18 8.18 8.18 8.18 3.03
23 22 4.64 4.64 4.64 4.64 2.21
23 21 2.64 2.64 2.64 2.64 1.40
23 20 1.51 1.51 1.51 1.51 0.59
23 19 1.07 1.07 1.07 1.07 0.10
23 18 0.96 0.96 0.96 0.96 -0.06
23 17 0.92 0.92 0.92 0.92 -0.12
23 16 0.90 0.90 0.90 0.90 -0.14
23 15 0.89 0.89 0.89 0.89 -0.17
23 14 0.86 0.86 0.86 0.86 -0.21
23 13 0.86 0.86 0.86 0.86 -0.22
23 12 0.86 0.86 0.86 0.86 -0.22
23 11 0.86 0.86 0.86 0.86 -0.22
23 10 0.86 0.86 0.86 0.86 -0.23
23 9 0.87 0.87 0.87 0.87 -0.20
23 8 0.90 0.90 0.90 0.90 -0.16
23 7 0.92 0.92 0.92 0.92 -0.13
23 6 0.95 0.95 0.95 0.95 -0.07
23 5 1.04 1.04 1.04 1.04 0.06
23 4 1.08 1.08 1.08 1.08 0.12
23 3 1.05 1.05 1.05 1.05 0.07
23 2 159.48 159.48 159.48 159.48 7.32
23 1 165.58 165.59 165.58 165.59 7.37
23 0 151.61 151.62 151.61 151.62 7.24

24 30 77.67 77.67 77.67 77.67 6.28
24 29 58.13 58.13 58.13 58.13 5.86
24 28 42.57 42.57 42.57 42.57 5.41
24 27 30.32 30.32 30.32 30.32 4.92
24 26 20.77 20.77 20.77 20.77 4.38
24 25 13.48 13.48 13.48 13.48 3.75
24 24 8.17 8.17 8.17 8.17 3.03
24 23 4.63 4.63 4.63 4.63 2.21
24 22 2.53 2.53 2.53 2.53 1.34
24 21 1.47 1.47 1.47 1.47 0.56
24 20 1.05 1.05 1.05 1.05 0.07
24 19 0.95 0.95 0.95 0.95 -0.08
24 18 0.91 0.91 0.91 0.91 -0.13
24 17 0.90 0.90 0.90 0.90 -0.16
24 16 0.89 0.89 0.89 0.89 -0.16
24 15 0.87 0.87 0.87 0.87 -0.21
24 14 0.85 0.85 0.85 0.85 -0.23
24 13 0.85 0.85 0.85 0.85 -0.23
24 12 0.85 0.85 0.85 0.85 -0.23
24 11 0.85 0.85 0.85 0.85 -0.23
24 10 0.85 0.85 0.85 0.85 -0.23
24 9 0.86 0.86 0.86 0.86 -0.21
24 8 0.89 0.89 0.89 0.89 -0.16
24 7 0.91 0.91 0.91 0.91 -0.13
24 6 0.95 0.95 0.95 0.95 -0.08
24 5 1.03 1.03 1.03 1.03 0.04
24 4 1.07 1.07 1.07 1.07 0.10
24 3 1.04 1.04 1.04 1.04 0.06
24 2 158.45 158.45 158.45 158.45 7.31
24 1 162.88 162.88 162.87 162.88 7.35
24 0 138.57 138.58 138.57 138.58 7.11

25 30 58.00 58.00 58.00 58.00 5.86
25 29 42.54 42.54 42.54 42.54 5.41
25 28 30.30 30.30 30.30 30.30 4.92
25 27 20.76 20.76 20.76 20.76 4.38
25 26 13.47 13.47 13.47 13.47 3.75
25 25 8.17 8.17 8.17 8.17 3.03
25 24 4.62 4.62 4.62 4.62 2.21
25 23 2.50 2.50 2.50 2.50 1.32
25 22 1.40 1.40 1.40 1.40 0.48
25 21 1.03 1.03 1.03 1.03 0.05
25 20 0.94 0.94 0.94 0.94 -0.09
25 19 0.91 0.91 0.91 0.91 -0.14
25 18 0.90 0.90 0.90 0.90 -0.16
25 17 0.89 0.89 0.89 0.89 -0.17
25 16 0.88 0.88 0.88 0.88 -0.19
25 15 0.85 0.85 0.85 0.85 -0.23
25 14 0.85 0.85 0.85 0.85 -0.24
25 13 0.85 0.85 0.85 0.85 -0.24
25 12 0.85 0.85 0.85 0.85 -0.24
25 11 0.85 0.85 0.85 0.85 -0.24
25 10 0.85 0.85 0.85 0.85 -0.24
25 9 0.86 0.86 0.86 0.86 -0.22
25 8 0.89 0.89 0.89 0.89 -0.17
25 7 0.91 0.91 0.91 0.91 -0.14
25 6 0.95 0.95 0.95 0.95 -0.08
25 5 1.02 1.02 1.02 1.02 0.03
25 4 1.07 1.07 1.07 1.07 0.10
25 3 1.04 1.04 1.04 1.04 0.05
25 2 157.34 157.34 157.34 157.34 7.30
25 1 159.85 159.86 159.85 159.86 7.32
25 0 142.23 142.24 142.23 142.24 7.15

26 30 42.45 42.45 42.45 42.45 5.41
26 29 30.28 30.28 30.28 30.28 4.92
26 28 20.74 20.74 20.74 20.74 4.37
26 27 13.46 13.46 13.46 13.46 3.75
26 26 8.16 8.16 8.16 8.16 3.03
26 25 4.62 4.62 4.62 4.62 2.21
26 24 2.49 2.49 2.49 2.49 1.32
26 23 1.37 1.37 1.37 1.37 0.45
26 22 1.01 1.01 1.01 1.01 0.01
26 21 0.93 0.93 0.93 0.93 -0.10
26 20 0.90 0.90 0.90 0.90 -0.15
26 19 0.89 0.89 0.89 0.89 -0.17
26 18 0.88 0.88 0.88 0.88 -0.18
26 17 0.88 0.88 0.88 0.88 -0.18
26 16 0.87 0.87 0.87 0.87 -0.20
26 15 0.85 0.85 0.85 0.85 -0.24
26 14 0.85 0.85 0.85 0.85 -0.24
26 13 0.85 0.85 0.85 0.85 -0.24
26 12 0.85 0.85 0.85 0.85 -0.24
26 11 0.85 0.85 0.85 0.85 -0.24
26 10 0.85 0.85 0.85 0.85 -0.24
26 9 0.86 0.86 0.86 0.86 -0.22
26 8 0.89 0.89 0.89 0.89 -0.17
26 7 0.90 0.90 0.90 0.90 -0.15
26 6 0.94 0.94 0.94 0.94 -0.09
26 5 1.03 1.03 1.03 1.03 0.04
26 4 1.07 1.07 1.07 1.07 0.09
26 3 1.03 1.03 1.03 1.03 0.04
26 2 156.17 156.17 156.17 156.17 7.29
26 1 156.51 156.52 156.51 156.52 7.29
26 0 161.43 161.43 161.43 161.43 7.33

27 30 30.21 30.21 30.21 30.21 4.92
27 29 20.73 20.73 20.73 20.73 4.37
27 28 13.46 13.46 13.46 13.46 3.75
27 27 8.15 8.15 8.15 8.15 3.03
27 26 4.61 4.61 4.61 4.61 2.21
27 25 2.49 2.49 2.49 2.49 1.32
27 24 1.34 1.34 1.34 1.34 0.42
27 23 1.00 1.00 1.00 1.00 -0.00
27 22 0.93 0.93 0.93 0.93 -0.11
27 21 0.90 0.90 0.90 0.90 -0.15
27 20 0.89 0.89 0.89 0.89 -0.17
27 19 0.89 0.89 0.89 0.89 -0.17
27 18 0.88 0.88 0.88 0.88 -0.18
27 17 0.88 0.88 0.88 0.88 -0.19
27 16 0.87 0.87 0.87 0.87 -0.21
27 15 0.84 0.84 0.84 0.84 -0.24
27 14 0.84 0.84 0.84 0.84 -0.25
27 13 0.84 0.84 0.84 0.84 -0.25
27 12 0.84 0.84 0.84 0.84 -0.25
27 11 0.84 0.84 0.84 0.84 -0.25
27 10 0.85 0.85 0.85 0.85 -0.24
27 9 0.86 0.86 0.86 0.86 -0.22
27 8 0.88 0.88 0.88 0.88 -0.18
27 7 0.91 0.91 0.91 0.91 -0.14
27 6 0.94 0.94 0.94 0.94 -0.09
27 5 1.02 1.02 1.02 1.02 0.04
27 4 1.07 1.07 1.07 1.07 0.10
27 3 1.02 1.02 1.02 1.02 0.03
27 2 154.99 154.99 154.99 154.99 7.28
27 1 152.86 152.87 152.86 152.87 7.26
27 0 179.39 179.39 179.39 179.39 7.49

28 30 20.68 20.68 20.68 20.68 4.37
28 29 13.45 13.45 13.45 13.45 3.75
28 28 8.15 8.15 8.15 8.15 3.03
28 27 4.61 4.61 4.61 4.61 2.20
28 26 2.48 2.48 2.48 2.48 1.31
28 25 1.33 1.33 1.33 1.33 0.41
28 24 0.99 0.99 0.99 0.99 -0.02
28 23 0.93 0.93 0.93 0.93 -0.10
28 22 0.90 0.90 0.90 0.90 -0.16
28 21 0.89 0.89 0.89 0.89 -0.17
28 20 0.88 0.88 0.88 0.88 -0.18
28 19 0.88 0.88 0.88 0.88 -0.18
28 18 0.88 0.88 0.88 0.88 -0.19
28 17 0.87 0.87 0.87 0.87 -0.20
28 16 0.85 0.85 0.85 0.85 -0.23
28 15 0.84 0.84 0.84 0.84 -0.25
28 14 0.84 0.84 0.84 0.84 -0.25
28 13 0.84 0.84 0.84 0.84 -0.25
28 12 0.84 0.84 0.84 0.84 -0.25
28 11 0.84 0.84 0.84 0.84 -0.25
28 10 0.85 0.85 0.85 0.85 -0.23
28 9 0.86 0.86 0.86 0.86 -0.22
28 8 0.88 0.88 0.88 0.88 -0.18
28 7 0.91 0.91 0.91 0.91 -0.13
28 6 0.93 0.93 0.93 0.93 -0.10
28 5 1.02 1.02 1.02 1.02 0.03
28 4 1.07 1.07 1.07 1.07 0.09
28 3 1.02 1.02 1.02 1.02 0.03
28 2 153.82 153.82 153.82 153.82 7.27
28 1 148.91 148.91 148.90 148.91 7.22
28 0 195.76 195.76 195.76 195.76 7.61

29 30 13.42 13.42 13.42 13.42 3.75
29 29 8.14 8.14 8.14 8.14 3.03
29 28 4.60 4.60 4.60 4.60 2.20
29 27 2.48 2.48 2.48 2.48 1.31
29 26 1.30 1.30 1.30 1.30 0.38
29 25 0.98 0.98 0.98 0.98 -0.04
29 24 0.93 0.93 0.93 0.93 -0.11
29 23 0.91 0.91 0.91 0.91 -0.13
29 22 0.89 0.89 0.89 0.89 -0.17
29 21 0.88 0.88 0.88 0.88 -0.18
29 20 0.88 0.88 0.88 0.88 -0.18
29 19 0.88 0.88 0.88 0.88 -0.19
29 18 0.87 0.87 0.87 0.87 -0.20
29 17 0.86 0.86 0.86 0.86 -0.21
29 16 0.85 0.85 0.85 0.85 -0.23
29 15 0.84 0.84 0.84 0.84 -0.25
29 14 0.84 0.84 0.84 0.84 -0.25
29 13 0.84 0.84 0.84 0.84 -0.25
29 12 0.84 0.84 0.84 0.84 -0.25
29 11 0.85 0.85 0.85 0.85 -0.24
29 10 0.86 0.86 0.86 0.86 -0.22
29 9 0.86 0.86 0.86 0.86 -0.22
29 8 0.89 0.89 0.89 0.89 -0.17
29 7 0.91 0.91 0.91 0.91 -0.13
29 6 0.93 0.93 0.93 0.93 -0.10
29 5 1.02 1.02 1.02 1.02 0.03
29 4 1.06 1.06 1.06 1.06 0.09
29 3 1.01 1.01 1.01 1.01 0.02
29 2 152.68 152.68 152.68 152.68 7.25
29 1 144.63 144.63 144.62 144.63 7.18
29 0 210.24 210.25 210.24 210.25 7.72

30 30 8.12 8.12 8.12 8.12 3.02
30 29 4.60 4.60 4.60 4.60 2.20
30 28 2.46 2.46 2.46 2.46 1.30
30 27 1.29 1.29 1.29 1.29 0.37
30 26 0.97 0.97 0.97 0.97 -0.05
30 25 0.93 0.93 0.93 0.93 -0.11
30 24 0.92 0.92 0.92 0.92 -0.13
30 23 0.91 0.91 0.91 0.91 -0.14
30 22 0.89 0.89 0.89 0.89 -0.17
30 21 0.88 0.88 0.88 0.88 -0.18
30 20 0.88 0.88 0.88 0.88 -0.18
30 19 0.88 0.88 0.88 0.88 -0.19
30 18 0.87 0.87 0.87 0.87 -0.20
30 17 0.86 0.86 0.86 0.86 -0.21
30 16 0.84 0.84 0.84 0.84 -0.24
30 15 0.84 0.84 0.84 0.84 -0.25
30 14 0.83 0.83 0.83 0.83 -0.27
30 13 0.83 0.83 0.83 0.83 -0.27
30 12 0.84 0.84 0.84 0.84 -0.25
30 11 0.84 0.84 0.84 0.84 -0.24
30 10 0.86 0.86 0.86 0.86 -0.22
30 9 0.86 0.86 0.86 0.86 -0.22
30 8 0.88 0.88 0.88 0.88 -0.18
30 7 0.91 0.91 0.91 0.91 -0.13
30 6 0.93 0.93 0.93 0.93 -0.10
30 5 1.03 1.03 1.03 1.03 0.04
30 4 1.07 1.07 1.07 1.07 0.09
30 3 1.01 1.01 1.01 1.01 0.01
30 2 151.61 151.61 151.61 151.61 7.24
30 1 139.95 139.95 139.94 139.95 7.13
30 0 220.09 220.15 220.04 220.15 7.78

