0 30 9.94 9.94 9.94 9.94 inf inf inf inf
0 29 9.94 9.94 9.94 9.94 inf inf inf inf
0 28 9.94 9.94 9.94 9.94 inf inf inf inf
0 27 9.94 9.94 9.94 9.94 -nan(ind) -nan(ind) -nan(ind) -nan(ind)
0 26 9.94 9.94 9.94 9.94 -nan(ind) -nan(ind) -nan(ind) -nan(ind)
0 25 9.94 9.94 9.94 9.94 890868686.66 890868686.66 890868686.66 890868686.66
0 24 9.94 9.94 9.94 9.94 inf inf inf inf
0 23 9.94 9.94 9.94 9.94 inf inf inf inf
0 22 9.94 9.94 9.94 9.94 835688661.73 835688661.73 835688661.73 835688661.73
0 21 9.94 9.94 9.94 9.94 -nan(ind) -nan(ind) -nan(ind) -nan(ind)
0 20 9.94 9.94 9.94 9.94 inf inf inf inf
0 19 9.94 9.94 9.94 9.94 inf inf inf inf
0 18 9.94 9.94 9.94 9.94 inf inf inf inf
0 17 9.94 9.94 9.94 9.94 inf inf inf inf
0 16 9.94 9.94 9.94 9.94 875418258.98 875418259.01 875418258.97 875418259.00
0 15 9.94 9.94 9.94 9.94 339368355.23 339368355.26 339368355.21 339368355.25
0 14 9.94 9.94 9.94 9.94 190808832.15 190808832.21 190808832.11 190808832.19
0 13 9.94 9.94 9.94 9.94 98944961.41 98944961.51 98944961.31 98944961.48
0 12 9.94 9.94 9.94 9.94 50458608.61 50458608.85 50458608.36 50458608.79
0 11 9.94 9.94 9.94 9.94 25600748.85 25600749.75 25600747.75 25600749.52
0 10 9.94 9.94 9.94 9.94 12957523.57 12957524.35 12957522.57 12957524.16
0 9 9.94 9.94 9.94 9.94 6493118.79 6493119.22 6493118.20 6493119.11
0 8 9.94 9.94 9.94 9.94 3313359.80 3313360.16 3313359.31 3313360.07
0 7 9.94 9.94 9.94 9.94 1687240.23 1687240.57 1687239.77 1687240.48
0 6 9.94 9.94 9.94 9.94 865555.93 865556.26 865555.47 865556.18
0 5 9.94 9.94 9.94 9.94 448302.20 448302.54 448301.74 448302.46
0 4 9.94 9.94 9.94 9.94 235940.29 235940.63 235939.80 235940.55
0 3 9.94 9.94 9.94 9.94 127643.64 127644.01 127643.11 127643.92
0 2 9.94 9.94 9.94 9.94 72566.25 72566.67 72565.66 72566.57
0 1 9.94 9.94 9.94 9.94 45127.58 45128.10 45126.84 45127.98
0 0 9.94 9.94 9.94 9.94 32756.69 32757.45 32755.61 32757.26

1 30 9.94 9.94 9.94 9.94 899149036.70 899149036.70 899149036.70 899149036.70
1 29 9.94 9.94 9.94 9.94 inf inf inf inf
1 28 9.94 9.94 9.94 9.94 -nan(ind) -nan(ind) -nan(ind) -nan(ind)
1 27 9.94 9.94 9.94 9.94 897258118.35 897258118.35 897258118.35 897258118.35
1 26 9.94 9.94 9.94 9.94 inf inf inf inf
1 25 9.94 9.94 9.94 9.94 inf inf inf inf
1 24 9.94 9.94 9.94 9.94 inf inf inf inf
1 23 9.94 9.94 9.94 9.94 inf inf inf inf
1 22 9.94 9.94 9.94 9.94 inf inf inf inf
1 21 9.94 9.94 9.94 9.94 inf inf inf inf
1 20 9.94 9.94 9.94 9.94 inf inf inf inf
1 19 9.94 9.94 9.94 9.94 inf inf inf inf
1 18 9.94 9.94 9.94 9.94 inf inf inf inf
1 17 9.94 9.94 9.94 9.94 745655678.02 745655678.03 745655678.02 745655678.03
1 16 9.94 9.94 9.94 9.94 330877002.60 330877002.61 330877002.59 330877002.61
1 15 9.94 9.94 9.94 9.94 188247693.44 188247693.46 188247693.43 188247693.46
1 14 9.94 9.94 9.94 9.94 97155100.60 97155100.63 97155100.58 97155100.62
1 13 9.94 9.94 9.94 9.94 49813280.18 49813280.23 49813280.13 49813280.22
1 12 9.94 9.94 9.94 9.94 25301945.45 25301945.57 25301945.32 25301945.54
1 11 9.94 9.94 9.94 9.94 12837657.11 12837657.56 12837656.56 12837657.45
1 10 9.94 9.94 9.94 9.94 6431214.41 6431214.80 6431213.91 6431214.70
1 9 9.94 9.94 9.94 9.94 3276706.23 3276706.45 3276705.94 3276706.40
1 8 9.94 9.94 9.94 9.94 1663908.00 1663908.18 1663907.75 1663908.13
1 7 9.94 9.94 9.94 9.94 849861.61 849861.78 849861.38 849861.74
1 6 9.94 9.94 9.94 9.94 437475.78 437475.95 437475.55 437475.91
1 5 9.94 9.94 9.94 9.94 228190.19 228190.36 228189.95 228190.32
1 4 9.94 9.94 9.94 9.94 121845.93 121846.11 121845.68 121846.06
1 3 9.94 9.94 9.94 9.94 67978.72 67978.92 67978.44 67978.87
1 2 9.94 9.94 9.94 9.94 41209.50 41209.74 41209.16 41209.68
1 1 9.94 9.94 9.94 9.94 28616.90 28617.23 28616.43 28617.15
1 0 9.94 9.94 9.94 9.94 23467.73 23468.28 23466.96 23468.15

2 30 9.94 9.94 9.94 9.94 inf inf inf inf
2 29 9.94 9.94 9.94 9.94 898877495.53 898877495.53 898877495.53 898877495.53
2 28 9.94 9.94 9.94 9.94 inf inf inf inf
2 27 9.94 9.94 9.94 9.94 inf inf inf inf
2 26 9.94 9.94 9.94 9.94 inf inf inf inf
2 25 9.94 9.94 9.94 9.94 inf inf inf inf
2 24 9.94 9.94 9.94 9.94 inf inf inf inf
2 23 9.94 9.94 9.94 9.94 inf inf inf inf
2 22 9.94 9.94 9.94 9.94 inf inf inf inf
2 21 9.94 9.94 9.94 9.94 inf inf inf inf
2 20 9.94 9.94 9.94 9.94 inf inf inf inf
2 19 9.94 9.94 9.94 9.94 792117605.42 792117605.42 792117605.42 792117605.42
2 18 9.94 9.94 9.94 9.94 407215860.41 407215860.41 407215860.41 407215860.41
2 17 9.94 9.94 9.94 9.94 281831355.34 281831355.34 281831355.34 281831355.34
2 16 9.94 9.94 9.94 9.94 165438500.69 165438500.70 165438500.69 165438500.69
2 15 9.94 9.94 9.94 9.94 92364365.77 92364365.78 92364365.77 92364365.78
2 14 9.94 9.94 9.94 9.94 48465488.74 48465488.75 48465488.73 48465488.75
2 13 9.94 9.94 9.94 9.94 24892302.16 24892302.19 24892302.14 24892302.18
2 12 9.94 9.94 9.94 9.94 12685767.31 12685767.37 12685767.24 12685767.35
2 11 9.94 9.94 9.94 9.94 6370458.50 6370458.72 6370458.23 6370458.67
2 10 9.94 9.94 9.94 9.94 3244413.74 3244413.93 3244413.49 3244413.88
2 9 9.94 9.94 9.94 9.94 1644700.02 1644700.13 1644699.87 1644700.10
2 8 9.94 9.94 9.94 9.94 837257.15 837257.24 837257.03 837257.22
2 7 9.94 9.94 9.94 9.94 428880.79 428880.88 428880.67 428880.86
2 6 9.94 9.94 9.94 9.94 222075.65 222075.74 222075.54 222075.72
2 5 9.94 9.94 9.94 9.94 117279.01 117279.10 117278.89 117279.08
2 4 9.94 9.94 9.94 9.94 64374.42 64374.51 64374.29 64374.49
2 3 9.94 9.94 9.94 9.94 38231.78 38231.89 38231.62 38231.86
2 2 9.94 9.94 9.94 9.94 26114.25 26114.41 26114.04 26114.37
2 1 9.94 9.94 9.94 9.94 20961.31 20961.55 20960.96 20961.49
2 0 9.94 9.94 9.94 9.94 19043.03 19043.47 19042.39 19043.36

3 30 9.94 9.94 9.94 9.94 449574511.74 449574511.74 449574511.74 449574511.74
3 29 9.94 9.94 9.94 9.94 449438743.37 449438743.37 449438743.37 449438743.37
3 28 9.94 9.94 9.94 9.94 449168094.73 449168094.73 449168094.73 449168094.73
3 27 9.94 9.94 9.94 9.94 518032208.54 518032208.54 518032208.54 518032208.54
3 26 9.94 9.94 9.94 9.94 447557378.93 447557378.93 447557378.93 447557378.93
3 25 9.94 9.94 9.94 9.94 445434335.67 445434335.67 445434335.67 445434335.67
3 24 9.94 9.94 9.94 9.94 441257930.32 441257930.32 441257930.32 441257930.32
3 23 9.94 9.94 9.94 9.94 433154630.46 433154630.46 433154630.46 433154630.46
3 22 9.94 9.94 9.94 9.94 417844323.81 417844323.81 417844323.81 417844323.81
3 21 9.94 9.94 9.94 9.94 390317331.65 390317331.65 390317331.65 390317331.65
3 20 9.94 9.94 9.94 9.94 344972414.28 344972414.28 344972414.28 344972414.28
3 19 9.94 9.94 9.94 9.94 299392310.67 299392310.67 299392310.67 299392310.67
3 18 9.94 9.94 9.94 9.94 235106184.56 235106184.57 235106184.56 235106184.56
3 17 9.94 9.94 9.94 9.94 140915675.95 140915675.96 140915675.95 140915675.96
3 16 9.94 9.94 9.94 9.94 83849859.93 83849859.94 83849859.93 83849859.93
3 15 9.94 9.94 9.94 9.94 46075646.77 46075646.77 46075646.76 46075646.77
3 14 9.94 9.94 9.94 9.94 24204871.36 24204871.37 24204871.36 24204871.37
3 13 9.94 9.94 9.94 9.94 12474891.42 12474891.43 12474891.40 12474891.43
3 12 9.94 9.94 9.94 9.94 6297622.33 6297622.36 6297622.30 6297622.35
3 11 9.94 9.94 9.94 9.94 3212689.91 3212690.02 3212689.77 3212689.99
3 10 9.94 9.94 9.94 9.94 1627944.91 1627945.01 1627944.78 1627944.98
3 9 9.94 9.94 9.94 9.94 827018.38 827018.44 827018.31 827018.43
3 8 9.94 9.94 9.94 9.94 422019.75 422019.79 422019.69 422019.78
3 7 9.94 9.94 9.94 9.94 217228.78 217228.82 217228.72 217228.81
3 6 9.94 9.94 9.94 9.94 113662.36 113662.41 113662.30 113662.40
3 5 9.94 9.94 9.94 9.94 61502.15 61502.19 61502.08 61502.18
3 4 9.94 9.94 9.94 9.94 35833.02 35833.08 35832.95 35833.06
3 3 9.94 9.94 9.94 9.94 24154.89 24154.96 24154.79 24154.94
3 2 9.94 9.94 9.94 9.94 19412.82 19412.93 19412.66 19412.90
3 1 9.94 9.94 9.94 9.94 17480.78 17480.98 17480.49 17480.93
3 0 9.94 9.94 9.94 9.94 16805.27 16805.67 16804.71 16805.57

4 30 9.94 9.94 9.94 9.94 259561960.31 259561960.31 259561960.31 259561960.31
4 29 9.94 9.94 9.94 9.94 249303754.27 249303754.27 249303754.27 249303754.27
4 28 9.94 9.94 9.94 9.94 249153625.42 249153625.42 249153625.42 249153625.42
4 27 9.94 9.94 9.94 9.94 248854618.63 248854618.63 248854618.63 248854618.63
4 26 9.94 9.94 9.94 9.94 258397368.14 258397368.14 258397368.14 258397368.14
4 25 9.94 9.94 9.94 9.94 247082508.55 247082508.55 247082508.55 247082508.55
4 24 9.94 9.94 9.94 9.94 244765855.70 244765855.70 244765855.70 244765855.70
4 23 9.94 9.94 9.94 9.94 240270953.73 240270953.73 240270953.73 240270953.73
4 22 9.94 9.94 9.94 9.94 231778323.73 231778323.73 231778323.73 231778323.73
4 21 9.94 9.94 9.94 9.94 216509096.01 216509096.01 216509096.01 216509096.01
4 20 9.94 9.94 9.94 9.94 191356261.85 191356261.85 191356261.85 191356261.85
4 19 9.94 9.94 9.94 9.94 152443099.48 152443099.48 152443099.48 152443099.48
4 18 9.94 9.94 9.94 9.94 111870796.51 111870796.51 111870796.51 111870796.51
4 17 9.94 9.94 9.94 9.94 71420857.13 71420857.13 71420857.13 71420857.13
4 16 9.94 9.94 9.94 9.94 42118576.61 42118576.61 42118576.61 42118576.61
4 15 9.94 9.94 9.94 9.94 23011324.50 23011324.51 23011324.50 23011324.51
4 14 9.94 9.94 9.94 9.94 12128599.39 12128599.39 12128599.39 12128599.39
4 13 9.94 9.94 9.94 9.94 6193297.24 6193297.25 6193297.23 6193297.24
4 12 9.94 9.94 9.94 9.94 3175668.12 3175668.13 3175668.10 3175668.13
4 11 9.94 9.94 9.94 9.94 1611712.26 1611712.32 1611712.20 1611712.31
4 10 9.94 9.94 9.94 9.94 818068.42 818068.47 818068.35 818068.45
4 9 9.94 9.94 9.94 9.94 416422.34 416422.37 416422.31 416422.36
4 8 9.94 9.94 9.94 9.94 213364.88 213364.91 213364.85 213364.90
4 7 9.94 9.94 9.94 9.94 110791.58 110791.60 110791.55 110791.60
4 6 9.94 9.94 9.94 9.94 59205.85 59205.87 59205.81 59205.86
4 5 9.94 9.94 9.94 9.94 33876.12 33876.14 33876.08 33876.13
4 4 9.94 9.94 9.94 9.94 22542.72 22542.75 22542.67 22542.74
4 3 9.94 9.94 9.94 9.94 18208.38 18208.43 18208.30 18208.42
4 2 9.94 9.94 9.94 9.94 16532.55 16532.65 16532.42 16532.62
4 1 9.94 9.94 9.94 9.94 15781.92 15782.10 15781.66 15782.06
4 0 9.94 9.94 9.94 9.94 15557.00 15557.36 15556.48 15557.27

5 30 9.94 9.94 9.94 9.94 120153835.32 120153835.32 120153835.32 120153835.32
5 29 9.94 9.94 9.94 9.94 121204608.51 121204608.51 121204608.51 121204608.51
5 28 9.94 9.94 9.94 9.94 122248064.06 122248064.06 122248064.06 122248064.06
5 27 9.94 9.94 9.94 9.94 122101355.37 122101355.37 122101355.37 122101355.37
5 26 9.94 9.94 9.94 9.94 120697242.26 120697242.26 120697242.26 120697242.26
5 25 9.94 9.94 9.94 9.94 122370215.91 122370215.91 122370215.91 122370215.91
5 24 9.94 9.94 9.94 9.94 120095190.04 120095190.04 120095190.04 120095190.04
5 23 9.94 9.94 9.94 9.94 117889751.21 117889751.21 117889751.21 117889751.21
5 22 9.94 9.94 9.94 9.94 113722813.66 113722813.66 113722813.66 113722813.66
5 21 9.94 9.94 9.94 9.94 106230915.58 106230915.58 106230915.58 106230915.58
5 20 9.94 9.94 9.94 9.94 93889592.71 93889592.71 93889592.71 93889592.71
5 19 9.94 9.94 9.94 9.94 76221545.86 76221545.86 76221545.86 76221545.86
5 18 9.94 9.94 9.94 9.94 55287222.18 55287222.18 55287222.18 55287222.18
5 17 9.94 9.94 9.94 9.94 35833919.73 35833919.74 35833919.73 35833919.74
5 16 9.94 9.94 9.94 9.94 21016759.05 21016759.05 21016759.05 21016759.05
5 15 9.94 9.94 9.94 9.94 11543869.51 11543869.52 11543869.51 11543869.52
5 14 9.94 9.94 9.94 9.94 6027228.67 6027228.67 6027228.66 6027228.67
5 13 9.94 9.94 9.94 9.94 3125300.46 3125300.46 3125300.45 3125300.46
5 12 9.94 9.94 9.94 9.94 1594036.26 1594036.27 1594036.25 1594036.26
5 11 9.94 9.94 9.94 9.94 810169.95 810169.97 810169.91 810169.97
5 10 9.94 9.94 9.94 9.94 411922.96 411922.99 411922.93 411922.98
5 9 9.94 9.94 9.94 9.94 210349.45 210349.47 210349.43 210349.46
5 8 9.94 9.94 9.94 9.94 108548.67 108548.68 108548.65 108548.68
5 7 9.94 9.94 9.94 9.94 57382.91 57382.92 57382.89 57382.92
5 6 9.94 9.94 9.94 9.94 32275.38 32275.39 32275.36 32275.39
5 5 9.94 9.94 9.94 9.94 21196.63 21196.64 21196.61 21196.64
5 4 9.94 9.94 9.94 9.94 17232.87 17232.89 17232.83 17232.89
5 3 9.94 9.94 9.94 9.94 15810.28 15810.33 15810.21 15810.31
5 2 9.94 9.94 9.94 9.94 15177.06 15177.15 15176.94 15177.13
5 1 9.94 9.94 9.94 9.94 14855.15 14855.32 14854.90 14855.28
5 0 9.94 9.94 9.94 9.94 14790.58 14790.92 14790.08 14790.84

6 30 9.94 9.94 9.94 9.94 61464553.61 61464553.61 61464553.61 61464553.61
6 29 9.94 9.94 9.94 9.94 61590062.26 61590062.26 61590062.26 61590062.26
6 28 9.94 9.94 9.94 9.94 61408989.42 61408989.42 61408989.42 61408989.42
6 27 9.94 9.94 9.94 9.94 61192486.63 61192486.63 61192486.63 61192486.63
6 26 9.94 9.94 9.94 9.94 61188776.90 61188776.90 61188776.90 61188776.90
6 25 9.94 9.94 9.94 9.94 61041307.28 61041307.28 61041307.28 61041307.28
6 24 9.94 9.94 9.94 9.94 60327534.04 60327534.04 60327534.04 60327534.04
6 23 9.94 9.94 9.94 9.94 59358524.28 59358524.28 59358524.28 59358524.28
6 22 9.94 9.94 9.94 9.94 56993484.66 56993484.66 56993484.66 56993484.66
6 21 9.94 9.94 9.94 9.94 53363079.14 53363079.14 53363079.14 53363079.14
6 20 9.94 9.94 9.94 9.94 47163650.06 47163650.06 47163650.06 47163650.06
6 19 9.94 9.94 9.94 9.94 38199295.71 38199295.71 38199295.71 38199295.71
6 18 9.94 9.94 9.94 9.94 27901964.29 27901964.29 27901964.29 27901964.29
6 17 9.94 9.94 9.94 9.94 18074171.31 18074171.31 18074171.31 18074171.31
6 16 9.94 9.94 9.94 9.94 10622249.19 10622249.19 10622249.19 10622249.19
6 15 9.94 9.94 9.94 9.94 5772974.53 5772974.53 5772974.53 5772974.53
6 14 9.94 9.94 9.94 9.94 3060990.17 3060990.17 3060990.16 3060990.17
6 13 9.94 9.94 9.94 9.94 1578309.36 1578309.36 1578309.36 1578309.36
6 12 9.94 9.94 9.94 9.94 805900.25 805900.26 805900.25 805900.25
6 11 9.94 9.94 9.94 9.94 409959.93 409959.95 409959.92 409959.94
6 10 9.94 9.94 9.94 9.94 208845.72 208845.73 208845.70 208845.73
6 9 9.94 9.94 9.94 9.94 107172.17 107172.18 107172.16 107172.18
6 8 9.94 9.94 9.94 9.94 56068.92 56068.93 56068.91 56068.93
6 7 9.94 9.94 9.94 9.94 30984.00 30984.01 30984.00 30984.01
6 6 9.94 9.94 9.94 9.94 20052.04 20052.04 20052.03 20052.04
6 5 9.94 9.94 9.94 9.94 16432.81 16432.82 16432.79 16432.82
6 4 9.94 9.94 9.94 9.94 15238.78 15238.80 15238.75 15238.80
6 3 9.94 9.94 9.94 9.94 14722.66 14722.70 14722.60 14722.69
6 2 9.94 9.94 9.94 9.94 14450.07 14450.15 14449.95 14450.13
6 1 9.94 9.94 9.94 9.94 14297.23 14297.39 14296.99 14297.35
6 0 9.94 9.94 9.94 9.94 14279.55 14279.89 14279.07 14279.81

7 30 9.94 9.94 9.94 9.94 32319235.54 32319235.54 32319235.54 32319235.54
7 29 9.94 9.94 9.94 9.94 32330367.35 32330367.35 32330367.35 32330367.35
7 28 9.94 9.94 9.94 9.94 32290018.82 32290018.82 32290018.82 32290018.82
7 27 9.94 9.94 9.94 9.94 32251267.88 32251267.88 32251267.88 32251267.88
7 26 9.94 9.94 9.94 9.94 32195031.41 32195031.41 32195031.41 32195031.41
7 25 9.94 9.94 9.94 9.94 32021604.44 32021604.44 32021604.44 32021604.44
7 24 9.94 9.94 9.94 9.94 31741880.59 31741880.59 31741880.59 31741880.59
7 23 9.94 9.94 9.94 9.94 31158969.75 31158969.75 31158969.75 31158969.75
7 22 9.94 9.94 9.94 9.94 30038199.58 30038199.58 30038199.58 30038199.58
7 21 9.94 9.94 9.94 9.94 28077468.92 28077468.92 28077468.92 28077468.92
7 20 9.94 9.94 9.94 9.94 24799546.69 24799546.69 24799546.69 24799546.69
7 19 9.94 9.94 9.94 9.94 20145810.90 20145810.90 20145810.90 20145810.90
7 18 9.94 9.94 9.94 9.94 14656012.15 14656012.15 14656012.15 14656012.15
7 17 9.94 9.94 9.94 9.94 9485140.35 9485140.35 9485140.35 9485140.35
7 16 9.94 9.94 9.94 9.94 5536734.61 5536734.61 5536734.61 5536734.61
7 15 9.94 9.94 9.94 9.94 3037978.52 3037978.53 3037978.52 3037978.52
7 14 9.94 9.94 9.94 9.94 1600519.77 1600519.77 1600519.77 1600519.77
7 13 9.94 9.94 9.94 9.94 823821.80 823821.80 823821.80 823821.80
7 12 9.94 9.94 9.94 9.94 419300.40 419300.40 419300.40 419300.40
7 11 9.94 9.94 9.94 9.94 212483.00 212483.01 212482.99 212483.01
7 10 9.94 9.94 9.94 9.94 107811.80 107811.81 107811.79 107811.81
7 9 9.94 9.94 9.94 9.94 55314.55 55314.55 55314.54 55314.55
7 8 9.94 9.94 9.94 9.94 29715.08 29715.09 29715.08 29715.08
7 7 9.94 9.94 9.94 9.94 18903.66 18903.67 18903.66 18903.66
7 6 9.94 9.94 9.94 9.94 15734.94 15734.94 15734.93 15734.94
7 5 9.94 9.94 9.94 9.94 14779.24 14779.25 14779.22 14779.24
7 4 9.94 9.94 9.94 9.94 14367.34 14367.36 14367.31 14367.36
7 3 9.94 9.94 9.94 9.94 14147.92 14147.96 14147.86 14147.95
7 2 9.94 9.94 9.94 9.94 14016.25 14016.33 14016.14 14016.31
7 1 9.94 9.94 9.94 9.94 13935.11 13935.27 13934.88 13935.23
7 0 9.94 9.94 9.94 9.94 13913.01 13913.34 13912.54 13913.26

8 30 9.94 9.94 9.94 9.94 17025788.24 17025788.24 17025788.24 17025788.24
8 29 9.94 9.94 9.94 9.94 16996287.85 16996287.85 16996287.85 16996287.85
8 28 9.94 9.94 9.94 9.94 16940688.04 16940688.04 16940688.04 16940688.04
8 27 9.94 9.94 9.94 9.94 16893345.12 16893345.12 16893345.12 16893345.12
8 26 9.94 9.94 9.94 9.94 16787657.28 16787657.28 16787657.28 16787657.28
8 25 9.94 9.94 9.94 9.94 16637943.55 16637943.55 16637943.55 16637943.55
8 24 9.94 9.94 9.94 9.94 16410551.62 16410551.62 16410551.62 16410551.62
8 23 9.94 9.94 9.94 9.94 15990745.31 15990745.31 15990745.31 15990745.31
8 22 9.94 9.94 9.94 9.94 15262598.67 15262598.67 15262598.67 15262598.67
8 21 9.94 9.94 9.94 9.94 14084356.59 14084356.59 14084356.59 14084356.59
8 20 9.94 9.94 9.94 9.94 12223378.04 12223378.04 12223378.04 12223378.04
8 19 9.94 9.94 9.94 9.94 9632783.60 9632783.60 9632783.60 9632783.60
8 18 9.94 9.94 9.94 9.94 6669841.20 6669841.20 6669841.20 6669841.20
8 17 9.94 9.94 9.94 9.94 3905879.12 3905879.12 3905879.12 3905879.12
8 16 9.94 9.94 9.94 9.94 1386359.09 1386359.09 1386359.09 1386359.09
8 15 9.94 9.94 9.94 9.94 496530.86 496530.86 496530.86 496530.86
8 14 9.94 9.94 9.94 9.94 188029.28 188029.28 188029.28 188029.28
8 13 9.94 9.94 9.94 9.94 68798.61 68798.61 68798.61 68798.61
8 12 9.94 9.94 9.94 9.94 21145.30 21145.30 21145.30 21145.30
8 11 9.94 9.94 9.94 9.94 6322.69 6322.69 6322.69 6322.69
8 10 9.94 9.94 9.94 9.94 1893.13 1893.13 1893.13 1893.13
8 9 9.94 9.94 9.94 9.94 489.90 489.90 489.90 489.90
8 8 9.88 9.88 9.88 9.88 91.37 91.37 91.37 91.37
8 7 9.94 9.94 9.94 9.94 14565.80 14565.81 14565.80 14565.80
8 6 9.94 9.94 9.94 9.94 14360.87 14360.88 14360.87 14360.88
8 5 9.94 9.94 9.94 9.94 14083.08 14083.09 14083.07 14083.09
8 4 9.94 9.94 9.94 9.94 13913.07 13913.09 13913.04 13913.08
8 3 9.94 9.94 9.94 9.94 13806.96 13807.00 13806.90 13806.99
8 2 9.94 9.94 9.94 9.94 13736.80 13736.88 13736.69 13736.86
8 1 9.94 9.94 9.94 9.94 13686.29 13686.45 13686.06 13686.41
8 0 9.94 9.94 9.94 9.94 13630.85 13631.17 13630.38 13631.10

9 30 9.94 9.94 9.94 9.94 1624104.75 1624104.75 1624104.75 1624104.75
9 29 9.94 9.94 9.94 9.94 1617289.47 1617289.47 1617289.47 1617289.47
9 28 9.94 9.94 9.94 9.94 1608515.91 1608515.91 1608515.91 1608515.91
9 27 9.94 9.94 9.94 9.94 1596485.52 1596485.52 1596485.52 1596485.52
9 26 9.94 9.94 9.94 9.94 1579871.86 1579871.86 1579871.86 1579871.86
9 25 9.94 9.94 9.94 9.94 1556586.56 1556586.56 1556586.56 1556586.56
9 24 9.94 9.94 9.94 9.94 1522302.28 1522302.28 1522302.28 1522302.28
9 23 9.94 9.94 9.94 9.94 1470208.91 1470208.91 1470208.91 1470208.91
9 22 9.94 9.94 9.94 9.94 1389119.80 1389119.80 1389119.80 1389119.80
9 21 9.94 9.94 9.94 9.94 1263398.46 1263398.46 1263398.46 1263398.46
9 20 9.94 9.94 9.94 9.94 1078605.49 1078605.49 1078605.49 1078605.49
9 19 9.94 9.94 9.94 9.94 837359.86 837359.86 837359.86 837359.86
9 18 9.94 9.94 9.94 9.94 574037.17 574037.17 574037.17 574037.17
9 17 9.94 9.94 9.94 9.94 343811.49 343811.49 343811.49 343811.49
9 16 9.94 9.94 9.94 9.94 189528.86 189528.86 189528.86 189528.86
9 15 9.94 9.94 9.94 9.94 90429.28 90429.28 90429.28 90429.28
9 14 9.94 9.94 9.94 9.94 39182.00 39182.00 39182.00 39182.00
9 13 9.94 9.94 9.94 9.94 15780.97 15780.97 15780.97 15780.97
9 12 9.94 9.94 9.94 9.94 5873.74 5873.74 5873.74 5873.74
9 11 9.94 9.94 9.94 9.94 1998.25 1998.25 1998.25 1998.25
9 10 9.94 9.94 9.94 9.94 560.31 560.31 560.31 560.31
9 9 9.91 9.91 9.91 9.91 135.63 135.63 135.63 135.63
9 8 9.20 9.20 9.20 9.20 24.40 24.40 24.40 24.40
9 7 9.94 9.94 9.94 9.94 13331.78 13331.78 13331.77 13331.78
9 6 9.94 9.94 9.94 9.94 13807.86 13807.87 13807.85 13807.86
9 5 9.94 9.94 9.94 9.94 13724.97 13724.98 13724.95 13724.97
9 4 9.94 9.94 9.94 9.94 13644.92 13644.94 13644.89 13644.93
9 3 9.94 9.94 9.94 9.94 13587.99 13588.03 13587.93 13588.02
9 2 9.94 9.94 9.94 9.94 13546.76 13546.84 13546.65 13546.82
9 1 9.94 9.94 9.94 9.94 13507.38 13507.54 13507.16 13507.50
9 0 9.94 9.94 9.94 9.94 13396.93 13397.25 13396.47 13397.18

10 30 9.94 9.94 9.94 9.94 779945.16 779945.16 779945.16 779945.16
10 29 9.94 9.94 9.94 9.94 775434.14 775434.14 775434.14 775434.14
10 28 9.94 9.94 9.94 9.94 769629.25 769629.25 769629.25 769629.25
10 27 9.94 9.94 9.94 9.94 762046.80 762046.80 762046.80 762046.80
10 26 9.94 9.94 9.94 9.94 751853.13 751853.13 751853.13 751853.13
10 25 9.94 9.94 9.94 9.94 737851.40 737851.40 737851.40 737851.40
10 24 9.94 9.94 9.94 9.94 718086.57 718086.57 718086.57 718086.57
10 23 9.94 9.94 9.94 9.94 689100.20 689100.20 689100.20 689100.20
10 22 9.94 9.94 9.94 9.94 645824.09 645824.09 645824.09 645824.09
10 21 9.94 9.94 9.94 9.94 581450.80 581450.80 581450.80 581450.80
10 20 9.94 9.94 9.94 9.94 513484.08 513484.08 513484.08 513484.08
10 19 9.94 9.94 9.94 9.94 391321.53 391321.53 391321.53 391321.53
10 18 9.94 9.94 9.94 9.94 262373.12 262373.12 262373.12 262373.12
10 17 9.94 9.94 9.94 9.94 154126.87 154126.87 154126.87 154126.87
10 16 9.94 9.94 9.94 9.94 80668.25 80668.25 80668.25 80668.25
10 15 9.94 9.94 9.94 9.94 37775.24 37775.24 37775.24 37775.24
10 14 9.94 9.94 9.94 9.94 15766.26 15766.26 15766.26 15766.26
10 13 9.94 9.94 9.94 9.94 6086.60 6086.60 6086.60 6086.60
10 12 9.94 9.94 9.94 9.94 2079.52 2079.52 2079.52 2079.52
10 11 9.94 9.94 9.94 9.94 649.19 649.19 649.19 649.19
10 10 9.92 9.92 9.92 9.92 171.58 171.58 171.58 171.58
10 9 9.62 9.62 9.62 9.62 38.77 38.77 38.77 38.77
10 8 6.44 6.44 6.44 6.44 8.49 8.49 8.49 8.49
10 7 9.94 9.94 9.94 9.94 12956.38 12956.38 12956.38 12956.38
10 6 9.94 9.94 9.94 9.94 13529.12 13529.13 13529.11 13529.13
10 5 9.94 9.94 9.94 9.94 13514.68 13514.69 13514.67 13514.69
10 4 9.94 9.94 9.94 9.94 13473.11 13473.13 13473.08 13473.12
10 3 9.94 9.94 9.94 9.94 13439.51 13439.55 13439.46 13439.54
10 2 9.94 9.94 9.94 9.94 13412.37 13412.45 13412.26 13412.43
10 1 9.94 9.94 9.94 9.94 13373.57 13373.73 13373.35 13373.69
10 0 9.94 9.94 9.94 9.94 13186.89 13187.21 13186.43 13187.13

11 30 9.94 9.94 9.94 9.94 388142.68 388142.68 388142.68 388142.68
11 29 9.94 9.94 9.94 9.94 385234.65 385234.65 385234.65 385234.65
11 28 9.94 9.94 9.94 9.94 381505.00 381505.00 381505.00 381505.00
11 27 9.94 9.94 9.94 9.94 376679.75 376679.75 376679.75 376679.75
11 26 9.94 9.94 9.94 9.94 370349.69 370349.69 370349.69 370349.69
11 25 9.94 9.94 9.94 9.94 361862.81 361862.81 361862.81 361862.81
11 24 9.94 9.94 9.94 9.94 350205.24 350205.24 350205.24 350205.24
11 23 9.94 9.94 9.94 9.94 333752.86 333752.86 333752.86 333752.86
11 22 9.94 9.94 9.94 9.94 310076.37 310076.37 310076.37 310076.37
11 21 9.94 9.94 9.94 9.94 276106.09 276106.09 276106.09 276106.09
11 20 9.94 9.94 9.94 9.94 229557.33 229557.33 229557.33 229557.33
11 19 9.94 9.94 9.94 9.94 180637.44 180637.44 180637.44 180637.44
11 18 9.94 9.94 9.94 9.94 118573.94 118573.94 118573.94 118573.94
11 17 9.94 9.94 9.94 9.94 67285.78 67285.78 67285.78 67285.78
11 16 9.94 9.94 9.94 9.94 31894.08 31894.08 31894.08 31894.08
11 15 9.94 9.94 9.94 9.94 15528.81 15528.81 15528.81 15528.81
11 14 9.94 9.94 9.94 9.94 6111.59 6111.59 6111.59 6111.59
11 13 9.94 9.94 9.94 9.94 2147.47 2147.47 2147.47 2147.47
11 12 9.94 9.94 9.94 9.94 654.81 654.81 654.81 654.81
11 11 9.92 9.92 9.92 9.92 179.79 179.79 179.79 179.79
11 10 9.72 9.72 9.72 9.72 46.74 46.74 46.74 46.74
11 9 7.69 7.69 7.69 7.69 12.20 12.20 12.20 12.20
11 8 3.69 3.69 3.69 3.69 3.99 3.99 3.99 3.99
11 7 9.94 9.94 9.94 9.94 12808.85 12808.85 12808.85 12808.85
11 6 9.94 9.94 9.94 9.94 13367.24 13367.24 13367.23 13367.24
11 5 9.94 9.94 9.94 9.94 13380.30 13380.31 13380.29 13380.31
11 4 9.94 9.94 9.94 9.94 13356.80 13356.82 13356.77 13356.82
11 3 9.94 9.94 9.94 9.94 13334.96 13335.00 13334.90 13334.99
11 2 9.94 9.94 9.94 9.94 13314.53 13314.61 13314.42 13314.59
11 1 9.94 9.94 9.94 9.94 13269.62 13269.78 13269.40 13269.74
11 0 9.94 9.94 9.94 9.94 12981.85 12982.16 12981.38 12982.09

12 30 9.94 9.94 9.94 9.94 203393.70 203393.70 203393.70 203393.70
12 29 9.94 9.94 9.94 9.94 201434.49 201434.49 201434.49 201434.49
12 28 9.94 9.94 9.94 9.94 198946.69 198946.69 198946.69 198946.69
12 27 9.94 9.94 9.94 9.94 195763.73 195763.73 195763.73 195763.73
12 26 9.94 9.94 9.94 9.94 191647.83 191647.83 191647.83 191647.83
12 25 9.94 9.94 9.94 9.94 185393.46 185393.46 185393.46 185393.46
12 24 9.94 9.94 9.94 9.94 178201.77 178201.77 178201.77 178201.77
12 23 9.94 9.94 9.94 9.94 168368.02 168368.02 168368.02 168368.02
12 22 9.94 9.94 9.94 9.94 157917.39 157917.39 157917.39 157917.39
12 21 9.94 9.94 9.94 9.94 138623.09 138623.09 138623.09 138623.09
12 20 9.94 9.94 9.94 9.94 116202.12 116202.12 116202.12 116202.12
12 19 9.94 9.94 9.94 9.94 88304.68 88304.68 88304.68 88304.68
12 18 9.94 9.94 9.94 9.94 56254.06 56254.06 56254.06 56254.06
12 17 9.94 9.94 9.94 9.94 31003.31 31003.32 31003.32 31003.32
12 16 9.94 9.94 9.94 9.94 14538.67 14538.68 14538.68 14538.68
12 15 9.94 9.94 9.94 9.94 5942.20 5942.20 5942.20 5942.20
12 14 9.94 9.94 9.94 9.94 2111.41 2111.41 2111.41 2111.41
12 13 9.94 9.94 9.94 9.94 636.44 636.44 636.44 636.44
12 12 9.92 9.92 9.92 9.92 183.96 183.96 183.96 183.96
12 11 9.74 9.74 9.74 9.74 49.96 49.96 49.96 49.96
12 10 8.10 8.10 8.10 8.10 14.05 14.05 14.05 14.05
12 9 4.37 4.37 4.37 4.37 4.89 4.89 4.89 4.89
12 8 2.49 2.49 2.49 2.49 2.59 2.59 2.59 2.59
12 7 9.94 9.94 9.94 9.94 12736.20 12736.20 12736.20 12736.20
12 6 9.94 9.94 9.94 9.94 13264.52 13264.53 13264.52 13264.53
12 5 9.94 9.94 9.94 9.94 13289.53 13289.54 13289.52 13289.54
12 4 9.94 9.94 9.94 9.94 13275.08 13275.10 13275.05 13275.10
12 3 9.94 9.94 9.94 9.94 13259.36 13259.40 13259.31 13259.39
12 2 9.94 9.94 9.94 9.94 13241.68 13241.76 13241.57 13241.74
12 1 9.94 9.94 9.94 9.94 13185.55 13185.71 13185.33 13185.67
12 0 9.94 9.94 9.94 9.94 12764.15 12764.44 12763.72 12764.37

13 30 9.94 9.94 9.94 9.94 106913.85 106913.85 106913.85 106913.85
13 29 9.94 9.94 9.94 9.94 109193.08 109193.08 109193.08 109193.08
13 28 9.94 9.94 9.94 9.94 107484.80 107484.80 107484.80 107484.80
13 27 9.94 9.94 9.94 9.94 105332.76 105332.76 105332.76 105332.76
13 26 9.94 9.94 9.94 9.94 102590.19 102590.19 102590.19 102590.19
13 25 9.94 9.94 9.94 9.94 99175.66 99175.66 99175.66 99175.66
13 24 9.94 9.94 9.94 9.94 93741.47 93741.47 93741.47 93741.47
13 23 9.94 9.94 9.94 9.94 87639.59 87639.59 87639.59 87639.59
13 22 9.94 9.94 9.94 9.94 79135.86 79135.86 79135.86 79135.86
13 21 9.94 9.94 9.94 9.94 68273.12 68273.12 68273.12 68273.12
13 20 9.94 9.94 9.94 9.94 54417.99 54417.99 54417.99 54417.99
13 19 9.94 9.94 9.94 9.94 39400.79 39400.79 39400.79 39400.79
13 18 9.94 9.94 9.94 9.94 24124.11 24124.11 24124.11 24124.11
13 17 9.94 9.94 9.94 9.94 12467.79 12467.80 12467.80 12467.80
13 16 9.94 9.94 9.94 9.94 5434.37 5434.37 5434.37 5434.37
13 15 9.94 9.94 9.94 9.94 1972.41 1972.41 1972.41 1972.41
13 14 9.94 9.94 9.94 9.94 651.85 651.85 651.85 651.85
13 13 9.92 9.92 9.92 9.92 183.73 183.73 183.73 183.73
13 12 9.73 9.73 9.73 9.73 48.28 48.28 48.28 48.28
13 11 8.17 8.17 8.17 8.17 14.42 14.42 14.42 14.42
13 10 4.64 4.64 4.64 4.64 5.27 5.27 5.27 5.27
13 9 2.49 2.49 2.49 2.49 2.59 2.59 2.59 2.59
13 8 1.93 1.93 1.93 1.93 1.97 1.97 1.97 1.97
13 7 9.19 9.19 9.19 9.19 24.23 24.23 24.23 24.23
13 6 9.94 9.94 9.94 9.94 13195.53 13195.53 13195.52 13195.53
13 5 9.94 9.94 9.94 9.94 13225.92 13225.93 13225.90 13225.93
13 4 9.94 9.94 9.94 9.94 13216.20 13216.22 13216.18 13216.22
13 3 9.94 9.94 9.94 9.94 13203.72 13203.76 13203.67 13203.75
13 2 9.94 9.94 9.94 9.94 13186.43 13186.51 13186.32 13186.49
13 1 9.94 9.94 9.94 9.94 13114.43 13114.58 13114.20 13114.54
13 0 9.94 9.94 9.94 9.94 12514.59 12514.84 12514.23 12514.78

14 30 9.94 9.94 9.94 9.94 51392.50 51392.50 51392.50 51392.50
14 29 9.94 9.94 9.94 9.94 50624.65 50624.65 50624.65 50624.65
14 28 9.94 9.94 9.94 9.94 49659.42 49659.42 49659.42 49659.42
14 27 9.94 9.94 9.94 9.94 48445.35 48445.35 48445.35 48445.35
14 26 9.94 9.94 9.94 9.94 46624.75 46624.75 46624.75 46624.75
14 25 9.94 9.94 9.94 9.94 44674.35 44674.35 44674.35 44674.35
14 24 9.94 9.94 9.94 9.94 42597.70 42597.70 42597.70 42597.70
14 23 9.94 9.94 9.94 9.94 39315.18 39315.18 39315.18 39315.18
14 22 9.94 9.94 9.94 9.94 35048.24 35048.24 35048.24 35048.24
14 21 9.94 9.94 9.94 9.94 29740.61 29740.61 29740.61 29740.61
14 20 9.94 9.94 9.94 9.94 24456.99 24456.99 24456.99 24456.99
14 19 9.94 9.94 9.94 9.94 16856.98 16856.98 16856.98 16856.98
14 18 9.94 9.94 9.94 9.94 10174.57 10174.58 10174.57 10174.58
14 17 9.94 9.94 9.94 9.94 4912.35 4912.36 4912.36 4912.36
14 16 9.94 9.94 9.94 9.94 1973.04 1973.05 1973.05 1973.05
14 15 9.94 9.94 9.94 9.94 648.84 648.84 648.84 648.84
14 14 9.92 9.92 9.92 9.92 186.19 186.19 186.19 186.19
14 13 9.73 9.73 9.73 9.73 48.61 48.61 48.61 48.61
14 12 8.04 8.04 8.04 8.04 13.75 13.75 13.75 13.75
14 11 4.65 4.65 4.65 4.65 5.29 5.29 5.29 5.29
14 10 2.60 2.60 2.60 2.60 2.70 2.70 2.70 2.70
14 9 1.79 1.79 1.79 1.79 1.83 1.83 1.83 1.83
14 8 1.65 1.65 1.65 1.65 1.68 1.68 1.68 1.68
14 7 7.48 7.48 7.48 7.48 11.43 11.43 11.43 11.43
14 6 9.94 9.94 9.94 9.94 13147.43 13147.43 13147.42 13147.43
14 5 9.94 9.94 9.94 9.94 13180.26 13180.27 13180.24 13180.26
14 4 9.94 9.94 9.94 9.94 13173.11 13173.13 13173.08 13173.13
14 3 9.94 9.94 9.94 9.94 13162.30 13162.34 13162.25 13162.33
14 2 9.94 9.94 9.94 9.94 13143.87 13143.95 13143.76 13143.93
14 1 9.94 9.94 9.94 9.94 13051.14 13051.29 13050.92 13051.26
14 0 9.94 9.94 9.94 9.94 12207.47 12207.67 12207.17 12207.62

15 30 9.94 9.94 9.94 9.94 28648.64 28648.64 28648.64 28648.64
15 29 9.94 9.94 9.94 9.94 28026.33 28026.33 28026.33 28026.33
15 28 9.94 9.94 9.94 9.94 27363.27 27363.27 27363.27 27363.27
15 27 9.94 9.94 9.94 9.94 26754.32 26754.32 26754.32 26754.32
15 26 9.94 9.94 9.94 9.94 25651.47 25651.47 25651.47 25651.47
15 25 9.94 9.94 9.94 9.94 24337.70 24337.70 24337.70 24337.70
15 24 9.94 9.94 9.94 9.94 22388.02 22388.02 22388.02 22388.02
15 23 9.94 9.94 9.94 9.94 20106.52 20106.52 20106.52 20106.52
15 22 9.94 9.94 9.94 9.94 17519.82 17519.82 17519.82 17519.82
15 21 9.94 9.94 9.94 9.94 14363.91 14363.91 14363.91 14363.91
15 20 9.94 9.94 9.94 9.94 10809.24 10809.24 10809.24 10809.24
15 19 9.94 9.94 9.94 9.94 7016.15 7016.16 7016.15 7016.16
15 18 9.94 9.94 9.94 9.94 3795.57 3795.57 3795.57 3795.57
15 17 9.94 9.94 9.94 9.94 1677.62 1677.62 1677.62 1677.62
15 16 9.94 9.94 9.94 9.94 588.57 588.57 588.57 588.57
15 15 9.92 9.92 9.92 9.92 171.67 171.67 171.67 171.67
15 14 9.71 9.71 9.71 9.71 46.05 46.05 46.05 46.05
15 13 7.90 7.90 7.90 7.90 13.10 13.10 13.10 13.10
15 12 4.45 4.45 4.45 4.45 5.00 5.00 5.00 5.00
15 11 2.45 2.45 2.45 2.45 2.54 2.54 2.54 2.54
15 10 1.78 1.78 1.78 1.78 1.82 1.82 1.82 1.82
15 9 1.47 1.47 1.47 1.47 1.50 1.50 1.50 1.50
15 8 1.50 1.50 1.50 1.50 1.53 1.53 1.53 1.53
15 7 6.97 6.97 6.97 6.97 9.82 9.82 9.82 9.82
15 6 9.94 9.94 9.94 9.94 13113.11 13113.12 13113.11 13113.12
15 5 9.94 9.94 9.94 9.94 13147.03 13147.04 13147.01 13147.04
15 4 9.94 9.94 9.94 9.94 13141.33 13141.35 13141.30 13141.35
15 3 9.94 9.94 9.94 9.94 13131.31 13131.35 13131.26 13131.34
15 2 9.94 9.94 9.94 9.94 13110.58 13110.65 13110.47 13110.64
15 1 9.94 9.94 9.94 9.94 12991.72 12991.87 12991.50 12991.83
15 0 9.94 9.94 9.94 9.94 11798.61 11798.77 11798.36 11798.73

16 30 9.94 9.94 9.94 9.94 14226.22 14226.22 14226.22 14226.22
16 29 9.94 9.94 9.94 9.94 14033.38 14033.38 14033.38 14033.38
16 28 9.94 9.94 9.94 9.94 13612.96 13612.96 13612.96 13612.96
16 27 9.94 9.94 9.94 9.94 13033.79 13033.79 13033.79 13033.79
16 26 9.94 9.94 9.94 9.94 12274.16 12274.16 12274.16 12274.16
16 25 9.94 9.94 9.94 9.94 11449.70 11449.70 11449.70 11449.70
16 24 9.94 9.94 9.94 9.94 10367.90 10367.90 10367.90 10367.90
16 23 9.94 9.94 9.94 9.94 9106.78 9106.78 9106.78 9106.78
16 22 9.94 9.94 9.94 9.94 7704.39 7704.39 7704.39 7704.39
16 21 9.94 9.94 9.94 9.94 6125.86 6125.86 6125.86 6125.86
16 20 9.94 9.94 9.94 9.94 4326.76 4326.76 4326.76 4326.76
16 19 9.94 9.94 9.94 9.94 2611.55 2611.55 2611.55 2611.55
16 18 9.94 9.94 9.94 9.94 1280.34 1280.34 1280.34 1280.34
16 17 9.94 9.94 9.94 9.94 493.95 493.95 493.95 493.95
16 16 9.92 9.92 9.92 9.92 153.50 153.50 153.50 153.50
16 15 9.68 9.68 9.68 9.68 42.92 42.92 42.92 42.92
16 14 7.70 7.70 7.70 7.70 12.24 12.24 12.24 12.24
16 13 4.23 4.23 4.23 4.23 4.70 4.70 4.70 4.70
16 12 2.47 2.47 2.47 2.47 2.57 2.57 2.57 2.57
16 11 1.72 1.72 1.72 1.72 1.76 1.76 1.76 1.76
16 10 1.42 1.42 1.42 1.42 1.44 1.44 1.44 1.44
16 9 1.30 1.30 1.30 1.30 1.32 1.32 1.32 1.32
16 8 1.43 1.43 1.43 1.43 1.45 1.45 1.45 1.45
16 7 5.19 5.19 5.19 5.19 6.12 6.12 6.12 6.12
16 6 9.94 9.94 9.94 9.94 13088.34 13088.34 13088.33 13088.34
16 5 9.94 9.94 9.94 9.94 13122.74 13122.75 13122.73 13122.75
16 4 9.94 9.94 9.94 9.94 13117.90 13117.92 13117.88 13117.92
16 3 9.94 9.94 9.94 9.94 13108.16 13108.19 13108.10 13108.19
16 2 9.94 9.94 9.94 9.94 13084.13 13084.20 13084.02 13084.18
16 1 9.94 9.94 9.94 9.94 12932.89 12933.05 12932.67 12933.01
16 0 9.94 9.94 9.94 9.94 11183.28 11183.40 11183.09 11183.37

17 30 9.94 9.94 9.94 9.94 7117.65 7117.65 7117.65 7117.65
17 29 9.94 9.94 9.94 9.94 6906.25 6906.25 6906.25 6906.25
17 28 9.94 9.94 9.94 9.94 6645.38 6645.38 6645.38 6645.38
17 27 9.94 9.94 9.94 9.94 6225.91 6225.91 6225.91 6225.91
17 26 9.94 9.94 9.94 9.94 5766.06 5766.06 5766.06 5766.06
17 25 9.94 9.94 9.94 9.94 5301.50 5301.50 5301.50 5301.50
17 24 9.94 9.94 9.94 9.94 4651.17 4651.17 4651.17 4651.17
17 23 9.94 9.94 9.94 9.94 4001.61 4001.61 4001.61 4001.61
17 22 9.94 9.94 9.94 9.94 3253.16 3253.16 3253.16 3253.16
17 21 9.94 9.94 9.94 9.94 2451.57 2451.57 2451.57 2451.57
17 20 9.94 9.94 9.94 9.94 1610.11 1610.11 1610.11 1610.11
17 19 9.94 9.94 9.94 9.94 880.61 880.61 880.61 880.61
17 18 9.93 9.93 9.93 9.93 380.82 380.82 380.82 380.82
17 17 9.91 9.91 9.91 9.91 128.47 128.47 128.47 128.47
17 16 9.59 9.59 9.59 9.59 37.02 37.02 37.02 37.02
17 15 7.36 7.36 7.36 7.36 11.00 11.00 11.00 11.00
17 14 3.75 3.75 3.75 3.75 4.07 4.07 4.07 4.07
17 13 2.29 2.29 2.29 2.29 2.36 2.36 2.36 2.36
17 12 1.71 1.71 1.71 1.71 1.74 1.75 1.75 1.75
17 11 1.34 1.34 1.34 1.34 1.36 1.36 1.36 1.36
17 10 1.22 1.22 1.22 1.22 1.23 1.23 1.23 1.23
17 9 1.19 1.19 1.19 1.19 1.21 1.21 1.21 1.21
17 8 1.37 1.37 1.37 1.37 1.39 1.39 1.39 1.39
17 7 3.41 3.41 3.41 3.41 3.65 3.65 3.65 3.65
17 6 8.97 8.97 8.97 8.97 20.98 20.98 20.98 20.98
17 5 9.94 9.94 9.94 9.94 13105.09 13105.10 13105.08 13105.10
17 4 9.94 9.94 9.94 9.94 13100.81 13100.83 13100.78 13100.82
17 3 9.94 9.94 9.94 9.94 13091.01 13091.05 13090.96 13091.04
17 2 9.94 9.94 9.94 9.94 13062.74 13062.81 13062.63 13062.80
17 1 9.94 9.94 9.94 9.94 12871.84 12872.00 12871.62 12871.96
17 0 9.94 9.94 9.94 9.94 554906.99 554917.07 554892.41 554914.63

18 30 9.94 9.94 9.94 9.94 3463.17 3463.17 3463.17 3463.17
18 29 9.94 9.94 9.94 9.94 3333.30 3333.30 3333.30 3333.30
18 28 9.94 9.94 9.94 9.94 3163.05 3163.05 3163.05 3163.05
18 27 9.94 9.94 9.94 9.94 2956.83 2956.83 2956.83 2956.83
18 26 9.94 9.94 9.94 9.94 2669.98 2669.98 2669.98 2669.98
18 25 9.94 9.94 9.94 9.94 2376.44 2376.44 2376.44 2376.44
18 24 9.94 9.94 9.94 9.94 2044.18 2044.18 2044.18 2044.18
18 23 9.94 9.94 9.94 9.94 1689.95 1689.95 1689.95 1689.95
18 22 9.94 9.94 9.94 9.94 1302.19 1302.19 1302.19 1302.19
18 21 9.94 9.94 9.94 9.94 912.50 912.50 912.50 912.50
18 20 9.94 9.94 9.94 9.94 543.99 543.99 543.99 543.99
18 19 9.93 9.93 9.93 9.93 261.98 261.98 261.98 261.98
18 18 9.89 9.89 9.89 9.89 98.96 98.96 98.96 98.96
18 17 9.46 9.46 9.46 9.46 31.01 31.01 31.01 31.01
18 16 6.93 6.93 6.93 6.93 9.71 9.71 9.71 9.71
18 15 3.46 3.46 3.46 3.46 3.71 3.71 3.71 3.71
18 14 2.05 2.05 2.05 2.05 2.11 2.11 2.11 2.11
18 13 1.56 1.56 1.56 1.56 1.59 1.59 1.59 1.59
18 12 1.32 1.32 1.32 1.32 1.34 1.34 1.34 1.34
18 11 1.16 1.16 1.16 1.16 1.18 1.18 1.18 1.18
18 10 1.11 1.11 1.11 1.11 1.12 1.12 1.12 1.12
18 9 1.13 1.13 1.13 1.13 1.14 1.14 1.14 1.14
18 8 1.31 1.31 1.31 1.31 1.33 1.33 1.33 1.33
18 7 2.57 2.57 2.57 2.57 2.67 2.67 2.67 2.67
18 6 6.74 6.74 6.74 6.74 9.21 9.21 9.21 9.21
18 5 9.94 9.94 9.94 9.94 13092.50 13092.51 13092.49 13092.51
18 4 9.94 9.94 9.94 9.94 13088.63 13088.65 13088.60 13088.64
18 3 9.94 9.94 9.94 9.94 13078.57 13078.60 13078.51 13078.59
18 2 9.94 9.94 9.94 9.94 13045.09 13045.16 13044.98 13045.15
18 1 9.94 9.94 9.94 9.94 12806.06 12806.21 12805.84 12806.18
18 0 9.94 9.94 9.94 9.94 133868.37 133871.60 133863.75 133870.82

19 30 9.94 9.94 9.94 9.94 1665.96 1665.96 1665.96 1665.96
19 29 9.94 9.94 9.94 9.94 1586.97 1586.97 1586.97 1586.97
19 28 9.94 9.94 9.94 9.94 1485.39 1485.39 1485.39 1485.39
19 27 9.94 9.94 9.94 9.94 1371.02 1371.02 1371.02 1371.02
19 26 9.94 9.94 9.94 9.94 1222.30 1222.30 1222.30 1222.30
19 25 9.94 9.94 9.94 9.94 1034.69 1034.69 1034.69 1034.69
19 24 9.94 9.94 9.94 9.94 863.22 863.22 863.22 863.22
19 23 9.94 9.94 9.94 9.94 676.84 676.84 676.84 676.84
19 22 9.94 9.94 9.94 9.94 485.08 485.08 485.08 485.08
19 21 9.93 9.93 9.93 9.93 308.34 308.34 308.34 308.34
19 20 9.92 9.92 9.92 9.92 161.56 161.56 161.56 161.56
19 19 9.83 9.83 9.83 9.83 68.32 68.32 68.32 68.32
19 18 9.16 9.16 9.16 9.16 23.68 23.68 23.68 23.68
19 17 6.29 6.29 6.29 6.29 8.16 8.16 8.16 8.16
19 16 3.08 3.08 3.08 3.08 3.25 3.26 3.26 3.26
19 15 1.78 1.78 1.78 1.78 1.82 1.82 1.82 1.82
19 14 1.41 1.41 1.41 1.41 1.43 1.44 1.44 1.44
19 13 1.23 1.23 1.23 1.23 1.25 1.25 1.25 1.25
19 12 1.12 1.12 1.12 1.12 1.13 1.13 1.13 1.13
19 11 1.05 1.05 1.05 1.05 1.06 1.06 1.06 1.06
19 10 1.04 1.04 1.04 1.04 1.05 1.05 1.05 1.05
19 9 1.08 1.08 1.08 1.08 1.09 1.09 1.09 1.09
19 8 1.24 1.24 1.24 1.24 1.26 1.26 1.26 1.26
19 7 1.97 1.97 1.97 1.97 2.02 2.02 2.02 2.02
19 6 4.86 4.86 4.86 4.86 5.59 5.59 5.59 5.59
19 5 8.93 8.93 8.93 8.93 20.45 20.45 20.45 20.45
19 4 9.94 9.94 9.94 9.94 13080.34 13080.36 13080.31 13080.35
19 3 9.94 9.94 9.94 9.94 13069.85 13069.89 13069.80 13069.88
19 2 9.94 9.94 9.94 9.94 13030.18 13030.25 13030.07 13030.24
19 1 9.94 9.94 9.94 9.94 12733.29 12733.44 12733.07 12733.40
19 0 9.94 9.94 9.94 9.94 99450.26 99453.12 99446.17 99452.43

20 30 9.94 9.94 9.94 9.94 796.44 796.44 796.44 796.44
20 29 9.94 9.94 9.94 9.94 749.17 749.17 749.17 749.17
20 28 9.94 9.94 9.94 9.94 688.76 688.76 688.76 688.76
20 27 9.94 9.94 9.94 9.94 614.81 614.81 614.81 614.81
20 26 9.94 9.94 9.94 9.94 526.86 526.86 526.86 526.86
20 25 9.93 9.93 9.93 9.93 437.64 437.64 437.64 437.64
20 24 9.93 9.93 9.93 9.93 346.18 346.18 346.18 346.18
20 23 9.93 9.93 9.93 9.93 252.60 252.60 252.60 252.60
20 22 9.92 9.92 9.92 9.92 164.36 164.36 164.36 164.36
20 21 9.88 9.88 9.88 9.88 91.22 91.22 91.22 91.22
20 20 9.67 9.67 9.67 9.67 42.40 42.40 42.40 42.40
20 19 8.53 8.53 8.53 8.53 16.69 16.69 16.69 16.69
20 18 5.39 5.39 5.39 5.39 6.44 6.45 6.44 6.44
20 17 2.72 2.72 2.72 2.72 2.84 2.84 2.84 2.84
20 16 1.61 1.61 1.61 1.61 1.64 1.64 1.64 1.64
20 15 1.27 1.27 1.27 1.27 1.29 1.29 1.29 1.29
20 14 1.14 1.14 1.14 1.14 1.15 1.15 1.15 1.15
20 13 1.06 1.06 1.06 1.06 1.07 1.07 1.07 1.07
20 12 1.00 1.00 1.00 1.00 1.01 1.01 1.01 1.01
20 11 0.98 0.98 0.98 0.98 0.99 0.99 0.99 0.99
20 10 0.98 0.98 0.98 0.98 0.99 0.99 0.99 0.99
20 9 1.03 1.03 1.03 1.03 1.04 1.04 1.04 1.04
20 8 1.17 1.17 1.17 1.17 1.19 1.19 1.19 1.19
20 7 1.71 1.71 1.71 1.71 1.74 1.74 1.74 1.74
20 6 3.46 3.46 3.46 3.46 3.71 3.71 3.71 3.71
20 5 6.32 6.32 6.32 6.32 8.23 8.23 8.23 8.23
20 4 9.94 9.94 9.94 9.94 13075.17 13075.19 13075.14 13075.18
20 3 9.94 9.94 9.94 9.94 13064.14 13064.18 13064.09 13064.17
20 2 9.94 9.94 9.94 9.94 13017.25 13017.32 13017.14 13017.31
20 1 9.94 9.94 9.94 9.94 12651.51 12651.66 12651.29 12651.62
20 0 9.94 9.94 9.94 9.94 89845.90 89848.76 89841.83 89848.07

21 30 9.93 9.93 9.93 9.93 376.45 376.45 376.45 376.45
21 29 9.93 9.93 9.93 9.93 346.25 346.25 346.25 346.25
21 28 9.93 9.93 9.93 9.93 312.37 312.37 312.37 312.37
21 27 9.93 9.93 9.93 9.93 268.18 268.18 268.18 268.18
21 26 9.93 9.93 9.93 9.93 221.15 221.15 221.15 221.15
21 25 9.92 9.92 9.92 9.92 175.88 175.88 175.88 175.88
21 24 9.91 9.91 9.91 9.91 129.69 129.69 129.69 129.69
21 23 9.87 9.87 9.87 9.87 85.58 85.58 85.58 85.58
21 22 9.74 9.74 9.74 9.74 49.23 49.23 49.23 49.23
21 21 9.19 9.19 9.19 9.19 24.23 24.23 24.23 24.23
21 20 7.22 7.22 7.22 7.22 10.56 10.56 10.56 10.56
21 19 4.32 4.32 4.32 4.32 4.82 4.82 4.82 4.82
21 18 2.29 2.29 2.29 2.29 2.36 2.36 2.36 2.36
21 17 1.46 1.46 1.46 1.46 1.48 1.48 1.48 1.48
21 16 1.18 1.19 1.18 1.19 1.20 1.20 1.20 1.20
21 15 1.06 1.06 1.06 1.06 1.07 1.07 1.07 1.07
21 14 1.00 1.00 1.00 1.00 1.01 1.01 1.01 1.01
21 13 0.96 0.96 0.96 0.96 0.97 0.97 0.97 0.97
21 12 0.94 0.94 0.94 0.94 0.95 0.95 0.95 0.95
21 11 0.93 0.94 0.94 0.94 0.94 0.94 0.94 0.94
21 10 0.95 0.95 0.95 0.95 0.96 0.96 0.96 0.96
21 9 1.00 1.00 1.00 1.00 1.01 1.01 1.01 1.01
21 8 1.12 1.12 1.12 1.12 1.13 1.13 1.13 1.13
21 7 1.50 1.50 1.50 1.50 1.52 1.52 1.52 1.52
21 6 2.60 2.60 2.60 2.60 2.71 2.71 2.71 2.71
21 5 4.66 4.66 4.66 4.66 5.30 5.30 5.30 5.30
21 4 7.05 7.05 7.05 7.05 10.05 10.05 10.05 10.05
21 3 9.94 9.94 9.94 9.94 13060.86 13060.90 13060.80 13060.89
21 2 9.94 9.94 9.94 9.94 13005.73 13005.81 13005.62 13005.79
21 1 9.94 9.94 9.94 9.94 12559.01 12559.16 12558.79 12559.13
21 0 9.94 9.94 9.94 9.94 87386.38 87389.35 87382.14 87388.64

22 30 9.92 9.92 9.92 9.92 175.28 175.28 175.28 175.28
22 29 9.92 9.92 9.92 9.92 157.52 157.52 157.52 157.52
22 28 9.91 9.91 9.91 9.91 136.84 136.84 136.84 136.84
22 27 9.90 9.90 9.90 9.90 111.39 111.39 111.39 111.39
22 26 9.88 9.88 9.88 9.88 88.99 88.99 88.99 88.99
22 25 9.83 9.83 9.83 9.83 66.04 66.04 66.04 66.04
22 24 9.70 9.70 9.70 9.70 44.45 44.45 44.45 44.45
22 23 9.29 9.29 9.29 9.29 26.28 26.28 26.28 26.28
22 22 8.03 8.03 8.03 8.03 13.71 13.71 13.71 13.71
22 21 5.50 5.50 5.50 5.50 6.63 6.63 6.63 6.63
22 20 3.25 3.25 3.25 3.25 3.45 3.45 3.45 3.45
22 19 1.89 1.89 1.89 1.89 1.94 1.94 1.94 1.94
22 18 1.28 1.28 1.28 1.28 1.30 1.30 1.30 1.30
22 17 1.09 1.09 1.09 1.09 1.11 1.11 1.11 1.11
22 16 1.00 1.01 1.01 1.01 1.02 1.02 1.02 1.02
22 15 0.96 0.96 0.96 0.96 0.97 0.97 0.97 0.97
22 14 0.93 0.93 0.93 0.93 0.94 0.94 0.94 0.94
22 13 0.90 0.90 0.90 0.90 0.91 0.91 0.91 0.91
22 12 0.89 0.89 0.89 0.89 0.90 0.90 0.90 0.90
22 11 0.90 0.90 0.90 0.90 0.91 0.91 0.91 0.91
22 10 0.92 0.92 0.92 0.92 0.93 0.93 0.93 0.93
22 9 0.96 0.96 0.96 0.96 0.97 0.97 0.97 0.97
22 8 1.09 1.09 1.09 1.09 1.10 1.10 1.10 1.10
22 7 1.35 1.35 1.35 1.35 1.37 1.37 1.37 1.37
22 6 2.00 2.00 2.00 2.00 2.05 2.05 2.05 2.05
22 5 3.26 3.26 3.26 3.26 3.47 3.47 3.47 3.47
22 4 5.29 5.29 5.29 5.29 6.28 6.28 6.28 6.28
22 3 8.13 8.13 8.13 8.13 14.19 14.19 14.19 14.19
22 2 9.94 9.94 9.94 9.94 12995.20 12995.28 12995.09 12995.26
22 1 9.94 9.94 9.94 9.94 12454.47 12454.62 12454.25 12454.59
22 0 9.94 9.94 9.94 9.94 88386.71 88389.94 88382.12 88389.16

23 30 9.86 9.86 9.86 9.86 79.43 79.43 79.43 79.43
23 29 9.84 9.84 9.84 9.84 69.80 69.80 69.80 69.80
23 28 9.79 9.79 9.79 9.79 57.26 57.26 57.26 57.26
23 27 9.71 9.71 9.71 9.71 45.51 45.51 45.51 45.51
23 26 9.54 9.54 9.54 9.54 34.05 34.05 34.05 34.05
23 25 9.13 9.13 9.13 9.13 23.27 23.27 23.27 23.27
23 24 8.12 8.12 8.12 8.12 14.18 14.18 14.18 14.18
23 23 6.15 6.15 6.15 6.15 7.86 7.86 7.86 7.86
23 22 3.87 3.87 3.87 3.87 4.23 4.23 4.23 4.23
23 21 2.40 2.40 2.40 2.40 2.49 2.49 2.49 2.49
23 20 1.55 1.55 1.55 1.55 1.58 1.58 1.58 1.58
23 19 1.16 1.16 1.16 1.16 1.17 1.17 1.17 1.17
23 18 1.02 1.02 1.02 1.02 1.03 1.03 1.03 1.03
23 17 0.95 0.96 0.96 0.96 0.96 0.97 0.96 0.97
23 16 0.92 0.92 0.92 0.92 0.93 0.93 0.93 0.93
23 15 0.90 0.90 0.90 0.90 0.91 0.91 0.91 0.91
23 14 0.89 0.89 0.89 0.89 0.90 0.90 0.90 0.90
23 13 0.87 0.87 0.87 0.87 0.87 0.88 0.88 0.88
23 12 0.87 0.87 0.87 0.87 0.87 0.88 0.88 0.88
23 11 0.87 0.87 0.87 0.87 0.88 0.88 0.88 0.88
23 10 0.90 0.90 0.90 0.90 0.91 0.91 0.91 0.91
23 9 0.93 0.93 0.93 0.93 0.94 0.94 0.94 0.94
23 8 1.03 1.03 1.03 1.03 1.04 1.04 1.04 1.04
23 7 1.25 1.25 1.25 1.25 1.27 1.27 1.27 1.27
23 6 1.72 1.72 1.72 1.72 1.75 1.75 1.75 1.75
23 5 2.38 2.38 2.38 2.38 2.46 2.46 2.46 2.46
23 4 3.98 3.98 3.98 3.98 4.37 4.37 4.37 4.37
23 3 6.61 6.61 6.61 6.61 8.91 8.91 8.91 8.91
23 2 8.90 8.90 8.90 8.90 20.13 20.13 20.13 20.13
23 1 9.94 9.94 9.94 9.94 12337.08 12337.23 12336.85 12337.20
23 0 9.94 9.94 9.94 9.94 92017.28 92020.93 92012.08 92020.05

24 30 9.57 9.57 9.57 9.57 35.86 35.86 35.86 35.86
24 29 9.42 9.42 9.42 9.42 29.84 29.84 29.84 29.84
24 28 9.15 9.15 9.15 9.15 23.64 23.64 23.64 23.64
24 27 8.68 8.68 8.68 8.68 17.90 17.90 17.90 17.90
24 26 7.77 7.77 7.77 7.77 12.51 12.51 12.51 12.51
24 25 6.18 6.18 6.18 6.18 7.94 7.94 7.94 7.94
24 24 4.25 4.25 4.25 4.25 4.73 4.73 4.73 4.73
24 23 2.73 2.73 2.73 2.73 2.85 2.85 2.85 2.85
24 22 1.85 1.85 1.85 1.85 1.89 1.89 1.89 1.89
24 21 1.30 1.30 1.30 1.30 1.32 1.32 1.32 1.32
24 20 1.03 1.03 1.03 1.03 1.04 1.04 1.04 1.04
24 19 0.95 0.95 0.95 0.95 0.96 0.96 0.96 0.96
24 18 0.91 0.91 0.91 0.91 0.92 0.92 0.92 0.92
24 17 0.89 0.89 0.89 0.89 0.90 0.90 0.90 0.90
24 16 0.88 0.89 0.89 0.89 0.89 0.89 0.89 0.89
24 15 0.87 0.87 0.87 0.87 0.88 0.88 0.88 0.88
24 14 0.85 0.85 0.85 0.85 0.86 0.86 0.86 0.86
24 13 0.85 0.85 0.85 0.85 0.86 0.86 0.86 0.86
24 12 0.85 0.86 0.86 0.86 0.86 0.86 0.86 0.86
24 11 0.86 0.86 0.86 0.86 0.86 0.87 0.87 0.87
24 10 0.87 0.88 0.88 0.88 0.88 0.88 0.88 0.88
24 9 0.91 0.91 0.91 0.91 0.92 0.92 0.92 0.92
24 8 1.00 1.00 1.00 1.00 1.01 1.01 1.01 1.01
24 7 1.20 1.20 1.20 1.20 1.21 1.21 1.21 1.21
24 6 1.50 1.50 1.50 1.50 1.53 1.53 1.53 1.53
24 5 2.06 2.06 2.06 2.06 2.12 2.12 2.12 2.12
24 4 3.14 3.14 3.14 3.14 3.33 3.33 3.33 3.33
24 3 4.49 4.49 4.49 4.49 5.06 5.06 5.06 5.06
24 2 8.12 8.12 8.12 8.12 14.17 14.17 14.17 14.17
24 1 9.94 9.94 9.94 9.94 12206.35 12206.50 12206.15 12206.46
24 0 9.94 9.94 9.94 9.94 98533.85 98538.20 98527.66 98537.15

25 30 8.40 8.40 8.40 8.40 15.79 15.79 15.79 15.79
25 29 7.80 7.80 7.80 7.80 12.66 12.66 12.66 12.66
25 28 6.95 6.95 6.95 6.95 9.77 9.77 9.77 9.77
25 27 5.74 5.74 5.74 5.74 7.06 7.06 7.06 7.06
25 26 4.26 4.26 4.26 4.26 4.75 4.75 4.75 4.75
25 25 2.94 2.94 2.94 2.94 3.09 3.09 3.09 3.09
25 24 2.02 2.02 2.02 2.02 2.08 2.08 2.08 2.08
25 23 1.49 1.49 1.49 1.49 1.52 1.52 1.52 1.52
25 22 1.14 1.14 1.14 1.14 1.15 1.15 1.15 1.15
25 21 0.96 0.96 0.96 0.96 0.97 0.97 0.97 0.97
25 20 0.91 0.91 0.91 0.91 0.91 0.91 0.91 0.91
25 19 0.88 0.88 0.88 0.88 0.89 0.89 0.89 0.89
25 18 0.87 0.87 0.87 0.87 0.88 0.88 0.88 0.88
25 17 0.87 0.87 0.87 0.87 0.87 0.87 0.87 0.87
25 16 0.86 0.87 0.87 0.87 0.87 0.87 0.87 0.87
25 15 0.85 0.85 0.85 0.85 0.86 0.86 0.86 0.86
25 14 0.84 0.84 0.84 0.84 0.85 0.85 0.85 0.85
25 13 0.84 0.84 0.84 0.84 0.85 0.85 0.85 0.85
25 12 0.84 0.84 0.84 0.84 0.85 0.85 0.85 0.85
25 11 0.84 0.84 0.84 0.84 0.84 0.85 0.85 0.85
25 10 0.85 0.85 0.85 0.85 0.86 0.86 0.86 0.86
25 9 0.90 0.90 0.90 0.90 0.91 0.91 0.91 0.91
25 8 0.98 0.98 0.98 0.98 0.99 0.99 0.99 0.99
25 7 1.14 1.14 1.14 1.14 1.15 1.15 1.15 1.15
25 6 1.36 1.36 1.36 1.36 1.38 1.38 1.38 1.38
25 5 1.77 1.77 1.77 1.77 1.81 1.81 1.81 1.81
25 4 2.34 2.34 2.34 2.34 2.42 2.42 2.42 2.42
25 3 3.80 3.80 3.80 3.80 4.13 4.13 4.13 4.13
25 2 5.97 5.97 5.97 5.97 7.51 7.51 7.51 7.51
25 1 9.01 9.01 9.01 9.01 21.47 21.47 21.47 21.47
25 0 9.94 9.94 9.94 9.94 109147.81 109153.32 109139.95 109151.99

26 30 5.73 5.73 5.73 5.73 7.04 7.04 7.04 7.04
26 29 4.86 4.86 4.86 4.86 5.61 5.61 5.61 5.61
26 28 3.88 3.88 3.88 3.88 4.23 4.23 4.23 4.23
26 27 2.90 2.90 2.90 2.90 3.05 3.05 3.05 3.05
26 26 2.12 2.12 2.12 2.12 2.18 2.18 2.18 2.18
26 25 1.58 1.58 1.58 1.58 1.61 1.61 1.61 1.61
26 24 1.26 1.26 1.26 1.26 1.28 1.28 1.28 1.28
26 23 1.03 1.03 1.03 1.03 1.04 1.04 1.04 1.04
26 22 0.91 0.91 0.91 0.91 0.92 0.92 0.92 0.92
26 21 0.88 0.88 0.88 0.88 0.89 0.89 0.89 0.89
26 20 0.86 0.86 0.86 0.86 0.87 0.87 0.87 0.87
26 19 0.85 0.85 0.85 0.85 0.86 0.86 0.86 0.86
26 18 0.85 0.85 0.85 0.85 0.86 0.86 0.86 0.86
26 17 0.85 0.85 0.85 0.85 0.86 0.86 0.86 0.86
26 16 0.85 0.85 0.85 0.85 0.86 0.86 0.86 0.86
26 15 0.83 0.83 0.83 0.83 0.84 0.84 0.84 0.84
26 14 0.83 0.83 0.83 0.83 0.83 0.84 0.84 0.84
26 13 0.83 0.83 0.83 0.83 0.84 0.84 0.84 0.84
26 12 0.83 0.83 0.83 0.83 0.84 0.84 0.84 0.84
26 11 0.83 0.83 0.83 0.83 0.84 0.84 0.84 0.84
26 10 0.83 0.83 0.83 0.83 0.84 0.84 0.84 0.84
26 9 0.88 0.88 0.88 0.88 0.89 0.89 0.89 0.89
26 8 0.96 0.96 0.96 0.96 0.97 0.97 0.97 0.97
26 7 1.10 1.10 1.10 1.10 1.12 1.12 1.12 1.12
26 6 1.27 1.27 1.27 1.27 1.29 1.29 1.29 1.29
26 5 1.59 1.59 1.59 1.59 1.62 1.62 1.62 1.62
26 4 2.12 2.12 2.12 2.12 2.18 2.18 2.18 2.18
26 3 3.09 3.09 3.09 3.09 3.27 3.27 3.27 3.27
26 2 4.49 4.49 4.49 4.49 5.06 5.06 5.06 5.06
26 1 8.99 8.99 8.99 8.99 21.16 21.16 21.16 21.16
26 0 9.94 9.94 9.94 9.94 127183.52 127191.17 127172.63 127189.32

27 30 3.32 3.32 3.32 3.32 3.54 3.54 3.54 3.54
27 29 2.70 2.70 2.70 2.70 2.82 2.82 2.82 2.82
27 28 2.13 2.13 2.13 2.13 2.19 2.19 2.19 2.19
27 27 1.67 1.67 1.67 1.67 1.70 1.70 1.70 1.70
27 26 1.33 1.33 1.33 1.33 1.35 1.35 1.35 1.35
27 25 1.12 1.12 1.12 1.12 1.13 1.13 1.13 1.13
27 24 0.96 0.96 0.96 0.96 0.97 0.97 0.97 0.97
27 23 0.89 0.89 0.89 0.89 0.89 0.89 0.89 0.89
27 22 0.87 0.87 0.87 0.87 0.88 0.88 0.88 0.88
27 21 0.86 0.86 0.86 0.86 0.87 0.87 0.87 0.87
27 20 0.85 0.85 0.85 0.85 0.86 0.86 0.86 0.86
27 19 0.84 0.84 0.84 0.84 0.85 0.85 0.85 0.85
27 18 0.84 0.84 0.84 0.84 0.85 0.85 0.85 0.85
27 17 0.84 0.85 0.85 0.85 0.85 0.85 0.85 0.85
27 16 0.84 0.85 0.85 0.85 0.85 0.85 0.85 0.85
27 15 0.82 0.82 0.82 0.82 0.83 0.83 0.83 0.83
27 14 0.82 0.83 0.83 0.83 0.83 0.83 0.83 0.83
27 13 0.82 0.83 0.83 0.83 0.83 0.83 0.83 0.83
27 12 0.82 0.83 0.83 0.83 0.83 0.83 0.83 0.83
27 11 0.83 0.83 0.83 0.83 0.84 0.84 0.84 0.84
27 10 0.82 0.83 0.83 0.83 0.83 0.83 0.83 0.83
27 9 0.86 0.86 0.86 0.86 0.87 0.87 0.87 0.87
27 8 0.91 0.91 0.91 0.91 0.92 0.92 0.92 0.92
27 7 1.06 1.06 1.06 1.06 1.07 1.07 1.07 1.07
27 6 1.23 1.23 1.23 1.23 1.24 1.24 1.24 1.24
27 5 1.48 1.48 1.48 1.48 1.51 1.51 1.51 1.51
27 4 1.88 1.88 1.88 1.88 1.93 1.93 1.93 1.93
27 3 2.53 2.53 2.53 2.53 2.63 2.63 2.63 2.63
27 2 4.06 4.06 4.06 4.06 4.47 4.47 4.47 4.47
27 1 8.22 8.22 8.22 8.22 14.72 14.72 14.72 14.72
27 0 9.94 9.94 9.94 9.94 164295.24 164307.71 164277.49 164304.69

28 30 2.01 2.01 2.01 2.01 2.07 2.07 2.07 2.07
28 29 1.67 1.67 1.67 1.67 1.70 1.70 1.70 1.70
28 28 1.39 1.39 1.39 1.39 1.41 1.41 1.41 1.41
28 27 1.17 1.17 1.17 1.17 1.19 1.19 1.19 1.19
28 26 1.02 1.02 1.02 1.02 1.03 1.03 1.03 1.03
28 25 0.91 0.91 0.91 0.91 0.92 0.92 0.92 0.92
28 24 0.88 0.88 0.88 0.88 0.88 0.88 0.88 0.88
28 23 0.86 0.86 0.86 0.86 0.87 0.87 0.87 0.87
28 22 0.86 0.86 0.86 0.86 0.87 0.87 0.87 0.87
28 21 0.86 0.86 0.86 0.86 0.86 0.86 0.86 0.86
28 20 0.84 0.84 0.84 0.84 0.84 0.84 0.84 0.84
28 19 0.84 0.84 0.84 0.84 0.85 0.85 0.85 0.85
28 18 0.84 0.84 0.84 0.84 0.85 0.85 0.85 0.85
28 17 0.84 0.84 0.84 0.84 0.85 0.85 0.85 0.85
28 16 0.84 0.84 0.84 0.84 0.84 0.84 0.84 0.84
28 15 0.82 0.82 0.82 0.82 0.83 0.83 0.83 0.83
28 14 0.82 0.82 0.82 0.82 0.83 0.83 0.83 0.83
28 13 0.82 0.82 0.82 0.82 0.83 0.83 0.83 0.83
28 12 0.82 0.82 0.82 0.82 0.83 0.83 0.83 0.83
28 11 0.82 0.83 0.83 0.83 0.83 0.83 0.83 0.83
28 10 0.82 0.82 0.82 0.82 0.83 0.83 0.83 0.83
28 9 0.84 0.85 0.85 0.85 0.85 0.85 0.85 0.85
28 8 0.91 0.91 0.91 0.91 0.91 0.91 0.91 0.91
28 7 1.02 1.02 1.02 1.02 1.03 1.03 1.03 1.03
28 6 1.18 1.18 1.18 1.18 1.19 1.19 1.19 1.19
28 5 1.39 1.39 1.39 1.39 1.41 1.41 1.41 1.41
28 4 1.70 1.70 1.70 1.70 1.73 1.73 1.73 1.73
28 3 2.29 2.29 2.29 2.29 2.37 2.37 2.37 2.37
28 2 3.65 3.65 3.65 3.65 3.94 3.94 3.94 3.94
28 1 8.18 8.18 8.18 8.18 14.49 14.49 14.49 14.49
28 0 9.94 9.94 9.94 9.94 306829.53 306862.30 306782.86 306854.37

29 30 1.40 1.40 1.40 1.40 1.42 1.42 1.42 1.42
29 29 1.21 1.21 1.21 1.21 1.23 1.23 1.23 1.23
29 28 1.06 1.06 1.06 1.06 1.07 1.07 1.07 1.07
29 27 0.95 0.95 0.95 0.95 0.96 0.96 0.96 0.96
29 26 0.89 0.89 0.89 0.89 0.90 0.90 0.90 0.90
29 25 0.87 0.87 0.87 0.87 0.88 0.88 0.88 0.88
29 24 0.86 0.86 0.86 0.86 0.87 0.87 0.87 0.87
29 23 0.86 0.86 0.86 0.86 0.87 0.87 0.87 0.87
29 22 0.85 0.85 0.85 0.85 0.86 0.86 0.86 0.86
29 21 0.85 0.85 0.85 0.85 0.86 0.86 0.86 0.86
29 20 0.83 0.83 0.83 0.83 0.84 0.84 0.84 0.84
29 19 0.84 0.84 0.84 0.84 0.84 0.84 0.84 0.84
29 18 0.84 0.84 0.84 0.84 0.84 0.84 0.84 0.84
29 17 0.84 0.84 0.84 0.84 0.84 0.85 0.84 0.85
29 16 0.82 0.83 0.83 0.83 0.83 0.83 0.83 0.83
29 15 0.82 0.82 0.82 0.82 0.82 0.83 0.83 0.83
29 14 0.82 0.82 0.82 0.82 0.82 0.83 0.83 0.83
29 13 0.82 0.82 0.82 0.82 0.82 0.83 0.83 0.83
29 12 0.81 0.81 0.81 0.81 0.82 0.82 0.82 0.82
29 11 0.82 0.82 0.82 0.82 0.82 0.83 0.83 0.83
29 10 0.82 0.82 0.82 0.82 0.83 0.83 0.83 0.83
29 9 0.85 0.85 0.85 0.85 0.85 0.85 0.85 0.85
29 8 0.90 0.90 0.90 0.90 0.90 0.90 0.90 0.90
29 7 1.00 1.00 1.00 1.00 1.01 1.01 1.01 1.01
29 6 1.14 1.14 1.14 1.14 1.15 1.15 1.15 1.15
29 5 1.35 1.35 1.35 1.35 1.37 1.37 1.37 1.37
29 4 1.64 1.64 1.64 1.64 1.67 1.67 1.67 1.67
29 3 2.11 2.11 2.11 2.11 2.18 2.18 2.18 2.18
29 2 3.23 3.23 3.23 3.23 3.43 3.43 3.43 3.43
29 1 6.30 6.30 6.30 6.30 8.19 8.19 8.19 8.19
29 0 9.94 9.94 9.93 9.94 258088.73 258139.92 258015.85 258127.53

30 30 1.09 1.09 1.09 1.09 1.10 1.10 1.10 1.10
30 29 0.98 0.98 0.98 0.98 0.99 0.99 0.99 0.99
30 28 0.91 0.91 0.91 0.91 0.92 0.92 0.92 0.92
30 27 0.88 0.88 0.88 0.88 0.89 0.89 0.89 0.89
30 26 0.87 0.87 0.87 0.87 0.88 0.88 0.88 0.88
30 25 0.86 0.86 0.86 0.86 0.87 0.87 0.87 0.87
30 24 0.86 0.86 0.86 0.86 0.87 0.87 0.87 0.87
30 23 0.86 0.86 0.86 0.86 0.87 0.87 0.87 0.87
30 22 0.85 0.85 0.85 0.85 0.86 0.86 0.86 0.86
30 21 0.84 0.84 0.84 0.84 0.85 0.85 0.85 0.85
30 20 0.83 0.83 0.83 0.83 0.84 0.84 0.84 0.84
30 19 0.83 0.83 0.83 0.83 0.84 0.84 0.84 0.84
30 18 0.83 0.83 0.83 0.83 0.84 0.84 0.84 0.84
30 17 0.84 0.84 0.84 0.84 0.85 0.85 0.85 0.85
30 16 0.83 0.83 0.83 0.83 0.83 0.83 0.83 0.83
30 15 0.81 0.82 0.82 0.82 0.82 0.82 0.82 0.82
30 14 0.81 0.81 0.81 0.81 0.82 0.82 0.82 0.82
30 13 0.81 0.81 0.81 0.81 0.82 0.82 0.82 0.82
30 12 0.81 0.81 0.81 0.81 0.82 0.82 0.82 0.82
30 11 0.81 0.82 0.82 0.82 0.82 0.82 0.82 0.82
30 10 0.82 0.82 0.82 0.82 0.83 0.83 0.83 0.83
30 9 0.84 0.84 0.84 0.84 0.85 0.85 0.85 0.85
30 8 0.88 0.88 0.88 0.88 0.89 0.89 0.89 0.89
30 7 0.96 0.96 0.96 0.96 0.97 0.97 0.97 0.97
30 6 1.14 1.14 1.14 1.14 1.15 1.15 1.15 1.15
30 5 1.31 1.31 1.31 1.31 1.33 1.33 1.33 1.33
30 4 1.61 1.61 1.61 1.61 1.64 1.64 1.64 1.64
30 3 1.95 1.95 1.95 1.95 2.00 2.00 2.00 2.00
30 2 2.74 2.74 2.74 2.74 2.86 2.86 2.86 2.86
30 1 5.68 5.68 5.68 5.68 6.96 6.96 6.96 6.96
30 0 9.91 10.19 9.51 10.12 522.89 537.46 502.15 533.93

