0 30 9.94 9.94 9.94 9.94 237738.32 237738.32 237738.32 237738.32
0 29 9.94 9.94 9.94 9.94 189218.32 189218.32 189218.32 189218.32
0 28 9.94 9.94 9.94 9.94 150632.36 150632.36 150632.36 150632.36
0 27 9.94 9.94 9.94 9.94 119952.81 119952.81 119952.81 119952.81
0 26 9.94 9.94 9.94 9.94 95565.06 95565.06 95565.06 95565.06
0 25 9.94 9.94 9.94 9.94 76182.38 76182.38 76182.38 76182.38
0 24 9.94 9.94 9.94 9.94 60780.09 60780.09 60780.09 60780.09
0 23 9.94 9.94 9.94 9.94 48542.52 48542.52 48542.52 48542.52
0 22 9.94 9.94 9.94 9.94 38821.03 38821.03 38821.03 38821.03
0 21 9.94 9.94 9.94 9.94 31099.81 31099.81 31099.81 31099.81
0 20 9.94 9.94 9.94 9.94 24968.93 24968.93 24968.93 24968.93
0 19 9.94 9.94 9.94 9.94 20102.73 20102.73 20102.73 20102.73
0 18 9.94 9.94 9.94 9.94 16242.69 16242.69 16242.69 16242.69
0 17 9.94 9.94 9.94 9.94 13183.78 13183.78 13183.78 13183.78
0 16 9.94 9.94 9.94 9.94 10763.71 10763.71 10763.71 10763.71
0 15 9.94 9.94 9.94 9.94 8854.38 8854.38 8854.38 8854.38
0 14 9.94 9.94 9.94 9.94 7355.37 7355.37 7355.37 7355.37
0 13 9.94 9.94 9.94 9.94 6188.93 6188.93 6188.93 6188.93
0 12 9.94 9.94 9.94 9.94 5296.67 5296.67 5296.67 5296.67
0 11 9.94 9.94 9.94 9.94 4638.03 4638.03 4638.03 4638.03
0 10 9.94 9.94 9.94 9.94 4191.72 4191.72 4191.72 4191.72
0 9 9.94 9.94 9.94 9.94 3963.55 3963.55 3963.55 3963.55
0 8 9.94 9.94 9.94 9.94 4012.51 4012.51 4012.51 4012.51
0 7 9.94 9.94 9.94 9.94 4545.53 4545.53 4545.53 4545.53
0 6 9.94 9.94 9.94 9.94 6376.44 6376.44 6376.44 6376.44
0 5 9.94 9.94 9.94 9.94 12605.11 12605.11 12605.11 12605.11
0 4 9.94 9.94 9.94 9.94 6558.87 6558.87 6558.87 6558.87
0 3 9.94 9.94 9.94 9.94 3321.02 3321.02 3321.02 3321.02
0 2 9.94 9.94 9.94 9.94 2623.72 2623.72 2623.72 2623.72
0 1 9.94 9.94 9.94 9.94 3489.10 3489.10 3489.10 3489.10
0 0 9.94 9.94 9.94 9.94 2922.55 2922.55 2922.55 2922.55

1 30 9.94 9.94 9.94 9.94 195014.68 195014.68 195014.68 195014.68
1 29 9.94 9.94 9.94 9.94 155220.11 155220.11 155220.11 155220.11
1 28 9.94 9.94 9.94 9.94 123572.14 123572.14 123572.14 123572.14
1 27 9.94 9.94 9.94 9.94 98409.68 98409.68 98409.68 98409.68
1 26 9.94 9.94 9.94 9.94 78407.62 78407.62 78407.62 78407.62
1 25 9.94 9.94 9.94 9.94 62510.62 62510.62 62510.62 62510.62
1 24 9.94 9.94 9.94 9.94 49878.24 49878.24 49878.24 49878.24
1 23 9.94 9.94 9.94 9.94 39841.53 39841.53 39841.53 39841.53
1 22 9.94 9.94 9.94 9.94 31868.53 31868.53 31868.53 31868.53
1 21 9.94 9.94 9.94 9.94 25536.20 25536.20 25536.20 25536.20
1 20 9.94 9.94 9.94 9.94 20508.36 20508.36 20508.36 20508.36
1 19 9.94 9.94 9.94 9.94 16517.94 16517.94 16517.94 16517.94
1 18 9.94 9.94 9.94 9.94 13352.96 13352.96 13352.96 13352.96
1 17 9.94 9.94 9.94 9.94 10845.33 10845.33 10845.33 10845.33
1 16 9.94 9.94 9.94 9.94 8862.06 8862.06 8862.06 8862.06
1 15 9.94 9.94 9.94 9.94 7298.22 7298.22 7298.22 7298.22
1 14 9.94 9.94 9.94 9.94 6071.68 6071.68 6071.68 6071.68
1 13 9.94 9.94 9.94 9.94 5119.04 5119.04 5119.04 5119.04
1 12 9.94 9.94 9.94 9.94 4392.97 4392.97 4392.97 4392.97
1 11 9.94 9.94 9.94 9.94 3861.26 3861.26 3861.26 3861.26
1 10 9.94 9.94 9.94 9.94 3508.38 3508.38 3508.38 3508.38
1 9 9.94 9.94 9.94 9.94 3343.13 3343.13 3343.13 3343.13
1 8 9.94 9.94 9.94 9.94 3423.33 3423.33 3423.33 3423.33
1 7 9.94 9.94 9.94 9.94 3944.47 3944.47 3944.47 3944.47
1 6 9.94 9.94 9.94 9.94 5643.73 5643.73 5643.73 5643.73
1 5 9.94 9.94 9.94 9.94 10136.24 10136.24 10136.24 10136.24
1 4 9.94 9.94 9.94 9.94 5722.74 5722.74 5722.74 5722.74
1 3 9.94 9.94 9.94 9.94 3589.01 3589.01 3589.01 3589.01
1 2 9.94 9.94 9.94 9.94 3982.48 3982.48 3982.48 3982.48
1 1 9.94 9.94 9.94 9.94 2212.99 2212.99 2212.99 2212.99
1 0 9.94 9.94 9.94 9.94 919.24 919.24 919.24 919.24

2 30 9.94 9.94 9.94 9.94 160443.18 160443.18 160443.18 160443.18
2 29 9.94 9.94 9.94 9.94 127708.84 127708.84 127708.84 127708.84
2 28 9.94 9.94 9.94 9.94 101675.32 101675.32 101675.32 101675.32
2 27 9.94 9.94 9.94 9.94 80976.52 80976.52 80976.52 80976.52
2 26 9.94 9.94 9.94 9.94 64522.85 64522.85 64522.85 64522.85
2 25 9.94 9.94 9.94 9.94 51446.06 51446.06 51446.06 51446.06
2 24 9.94 9.94 9.94 9.94 41054.77 41054.77 41054.77 41054.77
2 23 9.94 9.94 9.94 9.94 32798.78 32798.78 32798.78 32798.78
2 22 9.94 9.94 9.94 9.94 26240.47 26240.47 26240.47 26240.47
2 21 9.94 9.94 9.94 9.94 21031.88 21031.88 21031.88 21031.88
2 20 9.94 9.94 9.94 9.94 16896.48 16896.48 16896.48 16896.48
2 19 9.94 9.94 9.94 9.94 13614.62 13614.62 13614.62 13614.62
2 18 9.94 9.94 9.94 9.94 11011.97 11011.97 11011.97 11011.97
2 17 9.94 9.94 9.94 9.94 8950.34 8950.34 8950.34 8950.34
2 16 9.94 9.94 9.94 9.94 7320.41 7320.41 7320.41 7320.41
2 15 9.94 9.94 9.94 9.94 6036.03 6036.03 6036.03 6036.03
2 14 9.94 9.94 9.94 9.94 5029.84 5029.84 5029.84 5029.84
2 13 9.94 9.94 9.94 9.94 4250.03 4250.03 4250.03 4250.03
2 12 9.94 9.94 9.94 9.94 3658.26 3658.26 3658.26 3658.26
2 11 9.94 9.94 9.94 9.94 3229.01 3229.01 3229.01 3229.01
2 10 9.94 9.94 9.94 9.94 2951.38 2951.38 2951.38 2951.38
2 9 9.94 9.94 9.94 9.94 2836.41 2836.41 2836.41 2836.41
2 8 9.94 9.94 9.94 9.94 2940.10 2940.10 2940.10 2940.10
2 7 9.94 9.94 9.94 9.94 3442.35 3442.35 3442.35 3442.35
2 6 9.94 9.94 9.94 9.94 4946.21 4946.21 4946.21 4946.21
2 5 9.94 9.94 9.94 9.94 7736.04 7736.04 7736.04 7736.04
2 4 9.94 9.94 9.94 9.94 5390.29 5390.29 5390.29 5390.29
2 3 9.94 9.94 9.94 9.94 4288.54 4288.54 4288.54 4288.54
2 2 9.94 9.94 9.94 9.94 1812.96 1812.96 1812.96 1812.96
2 1 9.94 9.94 9.94 9.94 733.73 733.73 733.73 733.73
2 0 9.94 9.94 9.94 9.94 499.27 499.27 499.27 499.27

3 30 9.94 9.94 9.94 9.94 132355.67 132355.67 132355.67 132355.67
3 29 9.94 9.94 9.94 9.94 105355.87 105355.87 105355.87 105355.87
3 28 9.94 9.94 9.94 9.94 83883.25 83883.25 83883.25 83883.25
3 27 9.94 9.94 9.94 9.94 66810.80 66810.80 66810.80 66810.80
3 26 9.94 9.94 9.94 9.94 53239.83 53239.83 53239.83 53239.83
3 25 9.94 9.94 9.94 9.94 42454.12 42454.12 42454.12 42454.12
3 24 9.94 9.94 9.94 9.94 33883.47 33883.47 33883.47 33883.47
3 23 9.94 9.94 9.94 9.94 27074.10 27074.10 27074.10 27074.10
3 22 9.94 9.94 9.94 9.94 21665.05 21665.05 21665.05 21665.05
3 21 9.94 9.94 9.94 9.94 17369.34 17369.34 17369.34 17369.34
3 20 9.94 9.94 9.94 9.94 13958.91 13958.91 13958.91 13958.91
3 19 9.94 9.94 9.94 9.94 11252.62 11252.62 11252.62 11252.62
3 18 9.94 9.94 9.94 9.94 9106.75 9106.75 9106.75 9106.75
3 17 9.94 9.94 9.94 9.94 7407.37 7407.37 7407.37 7407.37
3 16 9.94 9.94 9.94 9.94 6064.39 6064.39 6064.39 6064.39
3 15 9.94 9.94 9.94 9.94 5006.90 5006.90 5006.90 5006.90
3 14 9.94 9.94 9.94 9.94 4179.55 4179.55 4179.55 4179.55
3 13 9.94 9.94 9.94 9.94 3539.93 3539.93 3539.93 3539.93
3 12 9.94 9.94 9.94 9.94 3056.93 3056.93 3056.93 3056.93
3 11 9.94 9.94 9.94 9.94 2710.44 2710.44 2710.44 2710.44
3 10 9.94 9.94 9.94 9.94 2493.15 2493.15 2493.15 2493.15
3 9 9.94 9.94 9.94 9.94 2417.41 2417.41 2417.41 2417.41
3 8 9.94 9.94 9.94 9.94 2535.47 2535.47 2535.47 2535.47
3 7 9.94 9.94 9.94 9.94 3000.06 3000.06 3000.06 3000.06
3 6 9.94 9.94 9.94 9.94 4180.93 4180.93 4180.93 4180.93
3 5 9.94 9.94 9.94 9.94 5409.86 5409.86 5409.86 5409.86
3 4 9.94 9.94 9.94 9.94 3984.30 3984.30 3984.30 3984.30
3 3 9.94 9.94 9.94 9.94 1540.92 1540.92 1540.92 1540.92
3 2 9.94 9.94 9.94 9.94 569.35 569.35 569.35 569.35
3 1 9.93 9.93 9.93 9.93 384.55 384.55 384.55 384.55
3 0 9.93 9.93 9.93 9.93 353.42 353.42 353.42 353.42

4 30 9.94 9.94 9.94 9.94 109436.42 109436.42 109436.42 109436.42
4 29 9.94 9.94 9.94 9.94 87115.52 87115.52 87115.52 87115.52
4 28 9.94 9.94 9.94 9.94 69363.95 69363.95 69363.95 69363.95
4 27 9.94 9.94 9.94 9.94 55250.08 55250.08 55250.08 55250.08
4 26 9.94 9.94 9.94 9.94 44030.90 44030.90 44030.90 44030.90
4 25 9.94 9.94 9.94 9.94 35114.37 35114.37 35114.37 35114.37
4 24 9.94 9.94 9.94 9.94 28029.08 28029.08 28029.08 28029.08
4 23 9.94 9.94 9.94 9.94 22399.91 22399.91 22399.91 22399.91
4 22 9.94 9.94 9.94 9.94 17928.44 17928.44 17928.44 17928.44
4 21 9.94 9.94 9.94 9.94 14377.47 14377.47 14377.47 14377.47
4 20 9.94 9.94 9.94 9.94 11558.45 11558.45 11558.45 11558.45
4 19 9.94 9.94 9.94 9.94 9321.69 9321.69 9321.69 9321.69
4 18 9.94 9.94 9.94 9.94 7548.39 7548.39 7548.39 7548.39
4 17 9.94 9.94 9.94 9.94 6144.43 6144.43 6144.43 6144.43
4 16 9.94 9.94 9.94 9.94 5035.41 5035.41 5035.41 5035.41
4 15 9.94 9.94 9.94 9.94 4162.84 4162.84 4162.84 4162.84
4 14 9.94 9.94 9.94 9.94 3481.13 3481.13 3481.13 3481.13
4 13 9.94 9.94 9.94 9.94 2955.49 2955.49 2955.49 2955.49
4 12 9.94 9.94 9.94 9.94 2560.70 2560.70 2560.70 2560.70
4 11 9.94 9.94 9.94 9.94 2280.86 2280.86 2280.86 2280.86
4 10 9.94 9.94 9.94 9.94 2111.29 2111.29 2111.29 2111.29
4 9 9.94 9.94 9.94 9.94 2064.27 2064.27 2064.27 2064.27
4 8 9.94 9.94 9.94 9.94 2184.13 2184.13 2184.13 2184.13
4 7 9.94 9.94 9.94 9.94 2569.59 2569.59 2569.59 2569.59
4 6 9.94 9.94 9.94 9.94 3184.11 3184.11 3184.11 3184.11
4 5 9.94 9.94 9.94 9.94 2905.25 2905.25 2905.25 2905.25
4 4 9.94 9.94 9.94 9.94 1282.67 1282.67 1282.67 1282.67
4 3 9.93 9.93 9.93 9.93 405.73 405.73 405.73 405.73
4 2 9.93 9.93 9.93 9.93 262.32 262.32 262.32 262.32
4 1 9.93 9.93 9.93 9.93 275.91 275.91 275.91 275.91
4 0 9.93 9.93 9.93 9.93 294.10 294.10 294.10 294.10

5 30 9.94 9.94 9.94 9.94 90653.95 90653.95 90653.95 90653.95
5 29 9.94 9.94 9.94 9.94 72166.51 72166.51 72166.51 72166.51
5 28 9.94 9.94 9.94 9.94 57463.71 57463.71 57463.71 57463.71
5 27 9.94 9.94 9.94 9.94 45773.87 45773.87 45773.87 45773.87
5 26 9.94 9.94 9.94 9.94 36481.59 36481.59 36481.59 36481.59
5 25 9.94 9.94 9.94 9.94 29096.52 29096.52 29096.52 29096.52
5 24 9.94 9.94 9.94 9.94 23228.21 23228.21 23228.21 23228.21
5 23 9.94 9.94 9.94 9.94 18565.97 18565.97 18565.97 18565.97
5 22 9.94 9.94 9.94 9.94 14862.67 14862.67 14862.67 14862.67
5 21 9.94 9.94 9.94 9.94 11921.82 11921.82 11921.82 11921.82
5 20 9.94 9.94 9.94 9.94 9587.30 9587.30 9587.30 9587.30
5 19 9.94 9.94 9.94 9.94 7735.14 7735.14 7735.14 7735.14
5 18 9.94 9.94 9.94 9.94 6266.98 6266.98 6266.98 6266.98
5 17 9.94 9.94 9.94 9.94 5104.91 5104.91 5104.91 5104.91
5 16 9.94 9.94 9.94 9.94 4187.37 4187.37 4187.37 4187.37
5 15 9.94 9.94 9.94 9.94 3466.02 3466.02 3466.02 3466.02
5 14 9.94 9.94 9.94 9.94 2903.23 2903.23 2903.23 2903.23
5 13 9.94 9.94 9.94 9.94 2470.42 2470.42 2470.42 2470.42
5 12 9.94 9.94 9.94 9.94 2147.02 2147.02 2147.02 2147.02
5 11 9.94 9.94 9.94 9.94 1920.38 1920.38 1920.38 1920.38
5 10 9.94 9.94 9.94 9.94 1787.26 1787.26 1787.26 1787.26
5 9 9.94 9.94 9.94 9.94 1754.18 1754.18 1754.18 1754.18
5 8 9.94 9.94 9.94 9.94 1841.37 1841.37 1841.37 1841.37
5 7 9.94 9.94 9.94 9.94 2036.70 2036.70 2036.70 2036.70
5 6 9.94 9.94 9.94 9.94 1980.85 1980.85 1980.85 1980.85
5 5 9.94 9.94 9.94 9.94 1015.71 1015.71 1015.71 1015.71
5 4 9.93 9.93 9.93 9.93 212.98 212.98 212.98 212.98
5 3 9.88 9.88 9.88 9.88 90.46 90.46 90.46 90.46
5 2 9.92 9.92 9.92 9.92 186.10 186.10 186.10 186.10
5 1 9.93 9.93 9.93 9.93 236.99 236.99 236.99 236.99
5 0 9.93 9.93 9.93 9.93 265.16 265.16 265.16 265.16

6 30 9.94 9.94 9.94 9.94 75197.21 75197.21 75197.21 75197.21
6 29 9.94 9.94 9.94 9.94 59863.56 59863.56 59863.56 59863.56
6 28 9.94 9.94 9.94 9.94 47668.95 47668.95 47668.95 47668.95
6 27 9.94 9.94 9.94 9.94 37973.32 37973.32 37973.32 37973.32
6 26 9.94 9.94 9.94 9.94 30266.27 30266.27 30266.27 30266.27
6 25 9.94 9.94 9.94 9.94 24141.08 24141.08 24141.08 24141.08
6 24 9.94 9.94 9.94 9.94 19273.94 19273.94 19273.94 19273.94
6 23 9.94 9.94 9.94 9.94 15407.14 15407.14 15407.14 15407.14
6 22 9.94 9.94 9.94 9.94 12335.73 12335.73 12335.73 12335.73
6 21 9.94 9.94 9.94 9.94 9896.75 9896.75 9896.75 9896.75
6 20 9.94 9.94 9.94 9.94 7960.73 7960.73 7960.73 7960.73
6 19 9.94 9.94 9.94 9.94 6424.85 6424.85 6424.85 6424.85
6 18 9.94 9.94 9.94 9.94 5207.55 5207.55 5207.55 5207.55
6 17 9.94 9.94 9.94 9.94 4244.26 4244.26 4244.26 4244.26
6 16 9.94 9.94 9.94 9.94 3483.96 3483.96 3483.96 3483.96
6 15 9.94 9.94 9.94 9.94 2886.60 2886.60 2886.60 2886.60
6 14 9.94 9.94 9.94 9.94 2421.07 2421.07 2421.07 2421.07
6 13 9.94 9.94 9.94 9.94 2063.77 2063.77 2063.77 2063.77
6 12 9.94 9.94 9.94 9.94 1797.69 1797.69 1797.69 1797.69
6 11 9.94 9.94 9.94 9.94 1610.38 1610.38 1610.38 1610.38
6 10 9.94 9.94 9.94 9.94 1497.29 1497.29 1497.29 1497.29
6 9 9.94 9.94 9.94 9.94 1456.42 1456.42 1456.42 1456.42
6 8 9.94 9.94 9.94 9.94 1467.34 1467.34 1467.34 1467.34
6 7 9.94 9.94 9.94 9.94 1375.14 1375.14 1375.14 1375.14
6 6 9.94 9.94 9.94 9.94 756.43 756.43 756.43 756.43
6 5 8.38 8.38 8.38 8.38 15.69 15.69 15.69 15.69
6 4 6.48 6.48 6.48 6.48 8.59 8.59 8.59 8.59
6 3 7.83 7.83 7.83 7.83 12.78 12.78 12.78 12.78
6 2 9.92 9.92 9.92 9.92 171.73 171.73 171.73 171.73
6 1 9.93 9.93 9.93 9.93 220.00 220.00 220.00 220.00
6 0 9.93 9.93 9.93 9.93 248.50 248.50 248.50 248.50

7 30 9.94 9.94 9.94 9.94 62428.67 62428.67 62428.67 62428.67
7 29 9.94 9.94 9.94 9.94 49699.30 49699.30 49699.30 49699.30
7 28 9.94 9.94 9.94 9.94 39575.84 39575.84 39575.84 39575.84
7 27 9.94 9.94 9.94 9.94 31526.93 31526.93 31526.93 31526.93
7 26 9.94 9.94 9.94 9.94 25128.87 25128.87 25128.87 25128.87
7 25 9.94 9.94 9.94 9.94 20044.01 20044.01 20044.01 20044.01
7 24 9.94 9.94 9.94 9.94 16003.54 16003.54 16003.54 16003.54
7 23 9.94 9.94 9.94 9.94 12793.54 12793.54 12793.54 12793.54
7 22 9.94 9.94 9.94 9.94 10243.85 10243.85 10243.85 10243.85
7 21 9.94 9.94 9.94 9.94 8219.19 8219.19 8219.19 8219.19
7 20 9.94 9.94 9.94 9.94 6612.10 6612.10 6612.10 6612.10
7 19 9.94 9.94 9.94 9.94 5337.22 5337.22 5337.22 5337.22
7 18 9.94 9.94 9.94 9.94 4326.85 4326.85 4326.85 4326.85
7 17 9.94 9.94 9.94 9.94 3527.40 3527.40 3527.40 3527.40
7 16 9.94 9.94 9.94 9.94 2896.53 2896.53 2896.53 2896.53
7 15 9.94 9.94 9.94 9.94 2401.00 2401.00 2401.00 2401.00
7 14 9.94 9.94 9.94 9.94 2014.83 2014.83 2014.83 2014.83
7 13 9.94 9.94 9.94 9.94 1717.19 1717.19 1717.19 1717.19
7 12 9.94 9.94 9.94 9.94 1493.59 1493.59 1493.59 1493.59
7 11 9.94 9.94 9.94 9.94 1332.70 1332.70 1332.70 1332.70
7 10 9.94 9.94 9.94 9.94 1223.85 1223.85 1223.85 1223.85
7 9 9.94 9.94 9.94 9.94 1143.92 1143.92 1143.92 1143.92
7 8 9.94 9.94 9.94 9.94 1002.46 1002.46 1002.46 1002.46
7 7 9.94 9.94 9.94 9.94 496.29 496.29 496.29 496.29
7 6 7.26 7.26 7.26 7.26 10.69 10.69 10.69 10.69
7 5 5.09 5.09 5.09 5.09 5.96 5.96 5.96 5.96
7 4 4.63 4.63 4.63 4.63 5.26 5.26 5.26 5.26
7 3 9.69 9.69 9.69 9.69 43.73 43.73 43.73 43.73
7 2 9.92 9.92 9.92 9.92 170.75 170.75 170.75 170.75
7 1 9.93 9.93 9.93 9.93 210.78 210.78 210.78 210.78
7 0 9.93 9.93 9.93 9.93 237.55 237.55 237.55 237.55

8 30 9.94 9.94 9.94 9.94 51845.61 51845.61 51845.61 51845.61
8 29 9.94 9.94 9.94 9.94 41273.67 41273.67 41273.67 41273.67
8 28 9.94 9.94 9.94 9.94 32865.98 32865.98 32865.98 32865.98
8 27 9.94 9.94 9.94 9.94 26181.24 26181.24 26181.24 26181.24
8 26 9.94 9.94 9.94 9.94 20867.53 20867.53 20867.53 20867.53
8 25 9.94 9.94 9.94 9.94 16644.47 16644.47 16644.47 16644.47
8 24 9.94 9.94 9.94 9.94 13288.78 13288.78 13288.78 13288.78
8 23 9.94 9.94 9.94 9.94 10622.79 10622.79 10622.79 10622.79
8 22 9.94 9.94 9.94 9.94 8505.20 8505.20 8505.20 8505.20
8 21 9.94 9.94 9.94 9.94 6823.65 6823.65 6823.65 6823.65
8 20 9.94 9.94 9.94 9.94 5488.88 5488.88 5488.88 5488.88
8 19 9.94 9.94 9.94 9.94 4430.00 4430.00 4430.00 4430.00
8 18 9.94 9.94 9.94 9.94 3590.77 3590.77 3590.77 3590.77
8 17 9.94 9.94 9.94 9.94 2926.66 2926.66 2926.66 2926.66
8 16 9.94 9.94 9.94 9.94 2402.31 2402.31 2402.31 2402.31
8 15 9.94 9.94 9.94 9.94 1989.20 1989.20 1989.20 1989.20
8 14 9.94 9.94 9.94 9.94 1665.83 1665.83 1665.83 1665.83
8 13 9.94 9.94 9.94 9.94 1414.65 1414.65 1414.65 1414.65
8 12 9.94 9.94 9.94 9.94 1221.66 1221.66 1221.66 1221.66
8 11 9.94 9.94 9.94 9.94 1072.09 1072.09 1072.09 1072.09
8 10 9.94 9.94 9.94 9.94 942.38 942.38 942.38 942.38
8 9 9.94 9.94 9.94 9.94 763.06 763.06 763.06 763.06
8 8 9.71 9.71 9.71 9.71 46.12 46.12 46.12 46.12
8 7 6.55 6.55 6.55 6.55 8.75 8.75 8.75 8.75
8 6 4.31 4.31 4.31 4.31 4.81 4.81 4.81 4.81
8 5 3.51 3.51 3.51 3.51 3.77 3.77 3.77 3.77
8 4 3.99 3.99 3.99 3.99 4.38 4.38 4.38 4.38
8 3 9.88 9.88 9.88 9.88 93.20 93.20 93.20 93.20
8 2 9.92 9.92 9.92 9.92 171.19 171.19 171.19 171.19
8 1 9.93 9.93 9.93 9.93 204.63 204.63 204.63 204.63
8 0 9.93 9.93 9.93 9.93 229.48 229.48 229.48 229.48

9 30 9.94 9.94 9.94 9.94 43050.06 43050.06 43050.06 43050.06
9 29 9.94 9.94 9.94 9.94 34270.02 34270.02 34270.02 34270.02
9 28 9.94 9.94 9.94 9.94 27287.38 27287.38 27287.38 27287.38
9 27 9.94 9.94 9.94 9.94 21735.63 21735.63 21735.63 21735.63
9 26 9.94 9.94 9.94 9.94 17322.51 17322.51 17322.51 17322.51
9 25 9.94 9.94 9.94 9.94 13815.16 13815.16 13815.16 13815.16
9 24 9.94 9.94 9.94 9.94 11028.15 11028.15 11028.15 11028.15
9 23 9.94 9.94 9.94 9.94 8813.91 8813.91 8813.91 8813.91
9 22 9.94 9.94 9.94 9.94 7055.08 7055.08 7055.08 7055.08
9 21 9.94 9.94 9.94 9.94 5658.34 5658.34 5658.34 5658.34
9 20 9.94 9.94 9.94 9.94 4549.54 4549.54 4549.54 4549.54
9 19 9.94 9.94 9.94 9.94 3669.78 3669.78 3669.78 3669.78
9 18 9.94 9.94 9.94 9.94 2972.07 2972.07 2972.07 2972.07
9 17 9.94 9.94 9.94 9.94 2418.81 2418.81 2418.81 2418.81
9 16 9.94 9.94 9.94 9.94 1980.67 1980.67 1980.67 1980.67
9 15 9.94 9.94 9.94 9.94 1634.25 1634.25 1634.25 1634.25
9 14 9.94 9.94 9.94 9.94 1360.73 1360.73 1360.73 1360.73
9 13 9.94 9.94 9.94 9.94 1143.59 1143.59 1143.59 1143.59
9 12 9.94 9.94 9.94 9.94 966.72 966.72 966.72 966.72
9 11 9.94 9.94 9.94 9.94 806.01 806.01 806.01 806.01
9 10 9.94 9.94 9.94 9.94 600.45 600.45 600.45 600.45
9 9 9.25 9.25 9.25 9.25 25.48 25.48 25.48 25.48
9 8 6.07 6.07 6.07 6.07 7.70 7.70 7.70 7.70
9 7 3.81 3.81 3.81 3.81 4.15 4.15 4.15 4.15
9 6 2.90 2.90 2.90 2.90 3.04 3.04 3.04 3.04
9 5 2.87 2.87 2.87 2.87 3.01 3.01 3.01 3.01
9 4 4.12 4.12 4.12 4.12 4.56 4.56 4.56 4.56
9 3 9.90 9.90 9.90 9.90 117.18 117.18 117.18 117.18
9 2 9.92 9.92 9.92 9.92 171.03 171.03 171.03 171.03
9 1 9.92 9.92 9.92 9.92 199.80 199.80 199.80 199.80
9 0 9.93 9.93 9.93 9.93 222.86 222.86 222.86 222.86

10 30 9.94 9.94 9.94 9.94 35725.21 35725.21 35725.21 35725.21
10 29 9.94 9.94 9.94 9.94 28436.26 28436.26 28436.26 28436.26
10 28 9.94 9.94 9.94 9.94 22639.43 22639.43 22639.43 22639.43
10 27 9.94 9.94 9.94 9.94 18030.44 18030.44 18030.44 18030.44
10 26 9.94 9.94 9.94 9.94 14366.69 14366.69 14366.69 14366.69
10 25 9.94 9.94 9.94 9.94 11454.83 11454.83 11454.83 11454.83
10 24 9.94 9.94 9.94 9.94 9140.94 9140.94 9140.94 9140.94
10 23 9.94 9.94 9.94 9.94 7302.50 7302.50 7302.50 7302.50
10 22 9.94 9.94 9.94 9.94 5842.05 5842.05 5842.05 5842.05
10 21 9.94 9.94 9.94 9.94 4682.12 4682.12 4682.12 4682.12
10 20 9.94 9.94 9.94 9.94 3760.60 3760.60 3760.60 3760.60
10 19 9.94 9.94 9.94 9.94 3028.50 3028.50 3028.50 3028.50
10 18 9.94 9.94 9.94 9.94 2446.51 2446.51 2446.51 2446.51
10 17 9.94 9.94 9.94 9.94 1984.45 1984.45 1984.45 1984.45
10 16 9.94 9.94 9.94 9.94 1617.19 1617.19 1617.19 1617.19
10 15 9.94 9.94 9.94 9.94 1324.10 1324.10 1324.10 1324.10
10 14 9.94 9.94 9.94 9.94 1087.75 1087.75 1087.75 1087.75
10 13 9.94 9.94 9.94 9.94 890.75 890.75 890.75 890.75
10 12 9.94 9.94 9.94 9.94 708.88 708.88 708.88 708.88
10 11 9.94 9.94 9.94 9.94 484.77 484.77 484.77 484.77
10 10 8.92 8.92 8.92 8.92 20.28 20.28 20.28 20.28
10 9 5.72 5.72 5.72 5.72 7.04 7.04 7.04 7.04
10 8 3.47 3.47 3.47 3.47 3.72 3.72 3.72 3.72
10 7 2.50 2.50 2.50 2.50 2.60 2.60 2.60 2.60
10 6 2.31 2.31 2.31 2.31 2.39 2.39 2.39 2.39
10 5 2.71 2.71 2.71 2.71 2.83 2.83 2.83 2.83
10 4 5.26 5.26 5.26 5.26 6.23 6.23 6.23 6.23
10 3 9.91 9.91 9.91 9.91 129.10 129.10 129.10 129.10
10 2 9.92 9.92 9.92 9.92 170.10 170.10 170.10 170.10
10 1 9.92 9.92 9.92 9.92 195.46 195.46 195.46 195.46
10 0 9.93 9.93 9.93 9.93 216.90 216.90 216.90 216.90

11 30 9.94 9.94 9.94 9.94 29617.07 29617.07 29617.07 29617.07
11 29 9.94 9.94 9.94 9.94 23570.35 23570.35 23570.35 23570.35
11 28 9.94 9.94 9.94 9.94 18761.38 18761.38 18761.38 18761.38
11 27 9.94 9.94 9.94 9.94 14937.77 14937.77 14937.77 14937.77
11 26 9.94 9.94 9.94 9.94 11898.24 11898.24 11898.24 11898.24
11 25 9.94 9.94 9.94 9.94 9482.41 9482.41 9482.41 9482.41
11 24 9.94 9.94 9.94 9.94 7562.56 7562.56 7562.56 7562.56
11 23 9.94 9.94 9.94 9.94 6036.88 6036.88 6036.88 6036.88
11 22 9.94 9.94 9.94 9.94 4823.95 4823.95 4823.95 4823.95
11 21 9.94 9.94 9.94 9.94 3859.21 3859.21 3859.21 3859.21
11 20 9.94 9.94 9.94 9.94 3092.53 3092.53 3092.53 3092.53
11 19 9.94 9.94 9.94 9.94 2482.96 2482.96 2482.96 2482.96
11 18 9.94 9.94 9.94 9.94 1997.78 1997.78 1997.78 1997.78
11 17 9.94 9.94 9.94 9.94 1610.62 1610.62 1610.62 1610.62
11 16 9.94 9.94 9.94 9.94 1299.90 1299.90 1299.90 1299.90
11 15 9.94 9.94 9.94 9.94 1047.14 1047.14 1047.14 1047.14
11 14 9.94 9.94 9.94 9.94 834.21 834.21 834.21 834.21
11 13 9.94 9.94 9.94 9.94 636.92 636.92 636.92 636.92
11 12 9.93 9.93 9.93 9.93 397.31 397.31 397.31 397.31
11 11 8.66 8.66 8.66 8.66 17.77 17.77 17.77 17.77
11 10 5.47 5.47 5.47 5.47 6.59 6.59 6.59 6.59
11 9 3.22 3.22 3.22 3.22 3.42 3.42 3.42 3.42
11 8 2.22 2.22 2.22 2.22 2.29 2.29 2.29 2.29
11 7 1.97 1.97 1.97 1.97 2.02 2.02 2.02 2.02
11 6 2.12 2.12 2.12 2.12 2.18 2.18 2.18 2.18
11 5 2.84 2.84 2.84 2.84 2.98 2.98 2.98 2.98
11 4 9.68 9.68 9.68 9.68 42.74 42.74 42.74 42.74
11 3 9.91 9.91 9.91 9.91 135.10 135.10 135.10 135.10
11 2 9.92 9.92 9.92 9.92 168.43 168.43 168.43 168.43
11 1 9.92 9.92 9.92 9.92 191.14 191.14 191.14 191.14
11 0 9.93 9.93 9.93 9.93 211.06 211.06 211.06 211.06

12 30 9.94 9.94 9.94 9.94 24520.43 24520.43 24520.43 24520.43
12 29 9.94 9.94 9.94 9.94 19509.05 19509.05 19509.05 19509.05
12 28 9.94 9.94 9.94 9.94 15523.40 15523.40 15523.40 15523.40
12 27 9.94 9.94 9.94 9.94 12354.32 12354.32 12354.32 12354.32
12 26 9.94 9.94 9.94 9.94 9834.71 9834.71 9834.71 9834.71
12 25 9.94 9.94 9.94 9.94 7830.87 7830.87 7830.87 7830.87
12 24 9.94 9.94 9.94 9.94 6237.26 6237.26 6237.26 6237.26
12 23 9.94 9.94 9.94 9.94 4970.80 4970.80 4970.80 4970.80
12 22 9.94 9.94 9.94 9.94 3964.05 3964.05 3964.05 3964.05
12 21 9.94 9.94 9.94 9.94 3163.40 3163.40 3163.40 3163.40
12 20 9.94 9.94 9.94 9.94 2526.16 2526.16 2526.16 2526.16
12 19 9.94 9.94 9.94 9.94 2018.17 2018.17 2018.17 2018.17
12 18 9.94 9.94 9.94 9.94 1611.87 1611.87 1611.87 1611.87
12 17 9.94 9.94 9.94 9.94 1284.70 1284.70 1284.70 1284.70
12 16 9.94 9.94 9.94 9.94 1017.33 1017.33 1017.33 1017.33
12 15 9.94 9.94 9.94 9.94 791.07 791.07 791.07 791.07
12 14 9.94 9.94 9.94 9.94 581.74 581.74 581.74 581.74
12 13 9.93 9.93 9.93 9.93 326.96 326.96 326.96 326.96
12 12 8.47 8.47 8.47 8.47 16.28 16.28 16.28 16.28
12 11 5.29 5.29 5.29 5.29 6.28 6.28 6.28 6.28
12 10 3.04 3.04 3.04 3.04 3.20 3.20 3.20 3.20
12 9 2.02 2.02 2.02 2.02 2.07 2.07 2.07 2.07
12 8 1.74 1.74 1.74 1.74 1.77 1.77 1.77 1.77
12 7 1.78 1.78 1.78 1.78 1.82 1.82 1.82 1.82
12 6 2.12 2.12 2.12 2.12 2.18 2.18 2.18 2.18
12 5 3.25 3.25 3.25 3.25 3.45 3.45 3.45 3.45
12 4 9.86 9.86 9.86 9.86 78.04 78.04 78.04 78.04
12 3 9.91 9.91 9.91 9.91 137.81 137.81 137.81 137.81
12 2 9.92 9.92 9.92 9.92 166.03 166.03 166.03 166.03
12 1 9.92 9.92 9.92 9.92 186.52 186.52 186.52 186.52
12 0 9.93 9.93 9.93 9.93 204.97 204.97 204.97 204.97

13 30 9.94 9.94 9.94 9.94 20267.83 20267.83 20267.83 20267.83
13 29 9.94 9.94 9.94 9.94 16116.50 16116.50 16116.50 16116.50
13 28 9.94 9.94 9.94 9.94 12814.37 12814.37 12814.37 12814.37
13 27 9.94 9.94 9.94 9.94 10189.00 10189.00 10189.00 10189.00
13 26 9.94 9.94 9.94 9.94 8101.79 8101.79 8101.79 8101.79
13 25 9.94 9.94 9.94 9.94 6442.46 6442.46 6442.46 6442.46
13 24 9.94 9.94 9.94 9.94 5123.17 5123.17 5123.17 5123.17
13 23 9.94 9.94 9.94 9.94 4073.99 4073.99 4073.99 4073.99
13 22 9.94 9.94 9.94 9.94 3239.21 3239.21 3239.21 3239.21
13 21 9.94 9.94 9.94 9.94 2574.35 2574.35 2574.35 2574.35
13 20 9.94 9.94 9.94 9.94 2043.85 2043.85 2043.85 2043.85
13 19 9.94 9.94 9.94 9.94 1618.97 1618.97 1618.97 1618.97
13 18 9.94 9.94 9.94 9.94 1276.20 1276.20 1276.20 1276.20
13 17 9.94 9.94 9.94 9.94 995.44 995.44 995.44 995.44
13 16 9.94 9.94 9.94 9.94 757.55 757.55 757.55 757.55
13 15 9.94 9.94 9.94 9.94 538.25 538.25 538.25 538.25
13 14 9.93 9.93 9.93 9.93 265.07 265.07 265.07 265.07
13 13 8.32 8.32 8.32 8.32 15.31 15.31 15.31 15.31
13 12 5.15 5.15 5.15 5.15 6.05 6.05 6.05 6.05
13 11 2.90 2.90 2.90 2.90 3.04 3.04 3.04 3.04
13 10 1.86 1.86 1.86 1.86 1.90 1.90 1.90 1.90
13 9 1.57 1.57 1.57 1.57 1.60 1.60 1.60 1.60
13 8 1.57 1.57 1.57 1.57 1.60 1.60 1.60 1.60
13 7 1.75 1.75 1.75 1.75 1.78 1.78 1.78 1.78
13 6 2.23 2.23 2.23 2.23 2.30 2.30 2.30 2.30
13 5 4.00 4.00 4.00 4.00 4.39 4.39 4.39 4.39
13 4 9.88 9.88 9.88 9.88 93.23 93.23 93.23 93.23
13 3 9.91 9.91 9.91 9.91 138.40 138.40 138.40 138.40
13 2 9.92 9.92 9.92 9.92 162.86 162.86 162.86 162.86
13 1 9.92 9.92 9.92 9.92 181.35 181.35 181.35 181.35
13 0 9.92 9.92 9.92 9.92 198.31 198.31 198.31 198.31

14 30 9.94 9.94 9.94 9.94 16706.61 16706.61 16706.61 16706.61
14 29 9.94 9.94 9.94 9.94 13275.93 13275.93 13275.93 13275.93
14 28 9.94 9.94 9.94 9.94 10547.19 10547.19 10547.19 10547.19
14 27 9.94 9.94 9.94 9.94 8377.14 8377.14 8377.14 8377.14
14 26 9.94 9.94 9.94 9.94 6651.48 6651.48 6651.48 6651.48
14 25 9.94 9.94 9.94 9.94 5279.12 5279.12 5279.12 5279.12
14 24 9.94 9.94 9.94 9.94 4187.45 4187.45 4187.45 4187.45
14 23 9.94 9.94 9.94 9.94 3318.56 3318.56 3318.56 3318.56
14 22 9.94 9.94 9.94 9.94 2626.26 2626.26 2626.26 2626.26
14 21 9.94 9.94 9.94 9.94 2073.53 2073.53 2073.53 2073.53
14 20 9.94 9.94 9.94 9.94 1630.54 1630.54 1630.54 1630.54
14 19 9.94 9.94 9.94 9.94 1272.79 1272.79 1272.79 1272.79
14 18 9.94 9.94 9.94 9.94 979.54 979.54 979.54 979.54
14 17 9.94 9.94 9.94 9.94 731.20 731.20 731.20 731.20
14 16 9.94 9.94 9.94 9.94 503.22 503.22 503.22 503.22
14 15 9.92 9.92 9.92 9.92 194.50 194.50 194.50 194.50
14 14 8.21 8.21 8.21 8.21 14.64 14.64 14.64 14.64
14 13 5.04 5.04 5.04 5.04 5.87 5.87 5.87 5.87
14 12 2.79 2.79 2.79 2.79 2.92 2.92 2.92 2.92
14 11 1.74 1.74 1.74 1.74 1.77 1.77 1.77 1.77
14 10 1.44 1.44 1.44 1.44 1.47 1.47 1.47 1.47
14 9 1.42 1.42 1.42 1.42 1.44 1.44 1.44 1.44
14 8 1.52 1.52 1.52 1.52 1.55 1.55 1.55 1.55
14 7 1.79 1.79 1.79 1.79 1.82 1.82 1.82 1.82
14 6 2.45 2.45 2.45 2.45 2.54 2.54 2.54 2.54
14 5 5.33 5.33 5.33 5.33 6.35 6.35 6.35 6.35
14 4 9.89 9.89 9.89 9.89 100.94 100.94 100.94 100.94
14 3 9.91 9.91 9.91 9.91 137.40 137.40 137.40 137.40
14 2 9.92 9.92 9.92 9.92 158.82 158.82 158.82 158.82
14 1 9.92 9.92 9.92 9.92 175.42 175.42 175.42 175.42
14 0 9.92 9.92 9.92 9.92 190.83 190.83 190.83 190.83

15 30 9.94 9.94 9.94 9.94 13738.75 13738.75 13738.75 13738.75
15 29 9.94 9.94 9.94 9.94 10906.96 10906.96 10906.96 10906.96
15 28 9.94 9.94 9.94 9.94 8654.31 8654.31 8654.31 8654.31
15 27 9.94 9.94 9.94 9.94 6862.54 6862.54 6862.54 6862.54
15 26 9.94 9.94 9.94 9.94 5437.28 5437.28 5437.28 5437.28
15 25 9.94 9.94 9.94 9.94 4303.27 4303.27 4303.27 4303.27
15 24 9.94 9.94 9.94 9.94 3400.48 3400.48 3400.48 3400.48
15 23 9.94 9.94 9.94 9.94 2680.95 2680.95 2680.95 2680.95
15 22 9.94 9.94 9.94 9.94 2106.29 2106.29 2106.29 2106.29
15 21 9.94 9.94 9.94 9.94 1645.56 1645.56 1645.56 1645.56
15 20 9.94 9.94 9.94 9.94 1273.38 1273.38 1273.38 1273.38
15 19 9.94 9.94 9.94 9.94 968.31 968.31 968.31 968.31
15 18 9.94 9.94 9.94 9.94 710.35 710.35 710.35 710.35
15 17 9.94 9.94 9.94 9.94 474.56 474.56 474.56 474.56
15 16 9.90 9.90 9.90 9.90 118.19 118.19 118.19 118.19
15 15 8.12 8.12 8.12 8.12 14.15 14.15 14.15 14.15
15 14 4.95 4.95 4.95 4.95 5.74 5.74 5.74 5.74
15 13 2.70 2.70 2.70 2.70 2.82 2.82 2.82 2.82
15 12 1.63 1.63 1.63 1.63 1.67 1.67 1.67 1.67
15 11 1.35 1.35 1.35 1.35 1.37 1.37 1.37 1.37
15 10 1.31 1.31 1.31 1.31 1.33 1.33 1.33 1.33
15 9 1.37 1.37 1.37 1.37 1.39 1.39 1.39 1.39
15 8 1.53 1.53 1.53 1.53 1.56 1.56 1.56 1.56
15 7 1.87 1.87 1.87 1.87 1.92 1.92 1.92 1.92
15 6 2.74 2.74 2.74 2.74 2.87 2.87 2.87 2.87
15 5 7.68 7.68 7.68 7.68 12.15 12.15 12.15 12.15
15 4 9.89 9.89 9.89 9.89 104.56 104.56 104.56 104.56
15 3 9.91 9.91 9.91 9.91 135.04 135.04 135.04 135.04
15 2 9.92 9.92 9.92 9.92 153.81 153.81 153.81 153.81
15 1 9.92 9.92 9.92 9.92 168.53 168.53 168.53 168.53
15 0 9.92 9.92 9.92 9.92 182.34 182.34 182.34 182.34

16 30 9.94 9.94 9.94 9.94 11266.11 11266.11 11266.11 11266.11
16 29 9.94 9.94 9.94 9.94 8931.70 8931.70 8931.70 8931.70
16 28 9.94 9.94 9.94 9.94 7074.38 7074.38 7074.38 7074.38
16 27 9.94 9.94 9.94 9.94 5596.65 5596.65 5596.65 5596.65
16 26 9.94 9.94 9.94 9.94 4420.64 4420.64 4420.64 4420.64
16 25 9.94 9.94 9.94 9.94 3484.23 3484.23 3484.23 3484.23
16 24 9.94 9.94 9.94 9.94 2737.77 2737.77 2737.77 2737.77
16 23 9.94 9.94 9.94 9.94 2141.49 2141.49 2141.49 2141.49
16 22 9.94 9.94 9.94 9.94 1663.35 1663.35 1663.35 1663.35
16 21 9.94 9.94 9.94 9.94 1277.18 1277.18 1277.18 1277.18
16 20 9.94 9.94 9.94 9.94 960.81 960.81 960.81 960.81
16 19 9.94 9.94 9.94 9.94 693.84 693.84 693.84 693.84
16 18 9.93 9.93 9.93 9.93 450.74 450.74 450.74 450.74
16 17 9.86 9.86 9.86 9.86 80.82 80.82 80.82 80.82
16 16 8.05 8.05 8.05 8.05 13.80 13.80 13.80 13.80
16 15 4.89 4.89 4.89 4.89 5.64 5.64 5.64 5.64
16 14 2.63 2.63 2.63 2.63 2.74 2.74 2.74 2.74
16 13 1.55 1.55 1.55 1.55 1.58 1.58 1.58 1.58
16 12 1.27 1.27 1.27 1.27 1.29 1.29 1.29 1.29
16 11 1.23 1.23 1.23 1.23 1.25 1.25 1.25 1.25
16 10 1.27 1.27 1.27 1.27 1.28 1.28 1.28 1.28
16 9 1.37 1.37 1.37 1.37 1.39 1.39 1.39 1.39
16 8 1.57 1.57 1.57 1.57 1.60 1.60 1.60 1.60
16 7 1.99 1.99 1.99 1.99 2.04 2.04 2.04 2.04
16 6 3.12 3.12 3.12 3.12 3.30 3.30 3.30 3.30
16 5 9.69 9.69 9.69 9.69 43.97 43.97 43.97 43.97
16 4 9.89 9.89 9.89 9.89 105.52 105.52 105.52 105.52
16 3 9.91 9.91 9.91 9.91 131.42 131.42 131.42 131.42
16 2 9.91 9.91 9.91 9.91 147.72 147.72 147.72 147.72
16 1 9.92 9.92 9.92 9.92 160.52 160.52 160.52 160.52
16 0 9.92 9.92 9.92 9.92 172.71 172.71 172.71 172.71

17 30 9.94 9.94 9.94 9.94 9208.14 9208.14 9208.14 9208.14
17 29 9.94 9.94 9.94 9.94 7286.14 7286.14 7286.14 7286.14
17 28 9.94 9.94 9.94 9.94 5756.53 5756.53 5756.53 5756.53
17 27 9.94 9.94 9.94 9.94 4538.98 4538.98 4538.98 4538.98
17 26 9.94 9.94 9.94 9.94 3569.32 3569.32 3569.32 3569.32
17 25 9.94 9.94 9.94 9.94 2796.25 2796.25 2796.25 2796.25
17 24 9.94 9.94 9.94 9.94 2178.66 2178.66 2178.66 2178.66
17 23 9.94 9.94 9.94 9.94 1683.46 1683.46 1683.46 1683.46
17 22 9.94 9.94 9.94 9.94 1283.64 1283.64 1283.64 1283.64
17 21 9.94 9.94 9.94 9.94 956.38 956.38 956.38 956.38
17 20 9.94 9.94 9.94 9.94 680.85 680.85 680.85 680.85
17 19 9.93 9.93 9.93 9.93 430.66 430.66 430.66 430.66
17 18 9.82 9.82 9.82 9.82 65.69 65.69 65.69 65.69
17 17 8.00 8.00 8.00 8.00 13.53 13.53 13.53 13.53
17 16 4.84 4.84 4.84 4.84 5.56 5.56 5.56 5.56
17 15 2.57 2.57 2.57 2.57 2.68 2.68 2.68 2.68
17 14 1.48 1.48 1.48 1.48 1.51 1.51 1.51 1.51
17 13 1.21 1.21 1.21 1.21 1.23 1.23 1.23 1.23
17 12 1.17 1.17 1.17 1.17 1.19 1.19 1.19 1.19
17 11 1.19 1.19 1.19 1.19 1.21 1.21 1.21 1.21
17 10 1.26 1.26 1.26 1.26 1.28 1.28 1.28 1.28
17 9 1.38 1.38 1.38 1.38 1.41 1.41 1.41 1.41
17 8 1.62 1.62 1.62 1.62 1.66 1.66 1.66 1.66
17 7 2.13 2.13 2.13 2.13 2.19 2.19 2.19 2.19
17 6 3.56 3.56 3.56 3.56 3.83 3.83 3.83 3.83
17 5 9.79 9.79 9.79 9.79 56.98 56.98 56.98 56.98
17 4 9.89 9.89 9.89 9.89 104.48 104.48 104.48 104.48
17 3 9.91 9.91 9.91 9.91 126.55 126.55 126.55 126.55
17 2 9.91 9.91 9.91 9.91 140.43 140.43 140.43 140.43
17 1 9.92 9.92 9.92 9.92 151.31 151.31 151.31 151.31
17 0 9.92 9.92 9.92 9.92 161.92 161.92 161.92 161.92

18 30 9.94 9.94 9.94 9.94 7497.15 7497.15 7497.15 7497.15
18 29 9.94 9.94 9.94 9.94 5916.44 5916.44 5916.44 5916.44
18 28 9.94 9.94 9.94 9.94 4657.91 4657.91 4657.91 4657.91
18 27 9.94 9.94 9.94 9.94 3655.43 3655.43 3655.43 3655.43
18 26 9.94 9.94 9.94 9.94 2856.09 2856.09 2856.09 2856.09
18 25 9.94 9.94 9.94 9.94 2217.50 2217.50 2217.50 2217.50
18 24 9.94 9.94 9.94 9.94 1705.53 1705.53 1705.53 1705.53
18 23 9.94 9.94 9.94 9.94 1292.35 1292.35 1292.35 1292.35
18 22 9.94 9.94 9.94 9.94 954.56 954.56 954.56 954.56
18 21 9.94 9.94 9.94 9.94 670.76 670.76 670.76 670.76
18 20 9.93 9.93 9.93 9.93 413.47 413.47 413.47 413.47
18 19 9.79 9.79 9.79 9.79 57.93 57.93 57.93 57.93
18 18 7.95 7.95 7.95 7.95 13.33 13.33 13.33 13.33
18 17 4.80 4.80 4.80 4.80 5.50 5.50 5.50 5.50
18 16 2.53 2.53 2.53 2.53 2.63 2.63 2.63 2.63
18 15 1.42 1.42 1.42 1.42 1.45 1.45 1.45 1.45
18 14 1.17 1.17 1.17 1.17 1.18 1.18 1.18 1.18
18 13 1.13 1.13 1.13 1.13 1.14 1.14 1.14 1.14
18 12 1.14 1.14 1.14 1.14 1.15 1.15 1.15 1.15
18 11 1.18 1.18 1.18 1.18 1.20 1.20 1.20 1.20
18 10 1.26 1.26 1.26 1.26 1.28 1.28 1.28 1.28
18 9 1.41 1.41 1.41 1.41 1.43 1.43 1.43 1.43
18 8 1.69 1.69 1.69 1.69 1.72 1.72 1.72 1.72
18 7 2.27 2.27 2.27 2.27 2.35 2.35 2.35 2.35
18 6 4.03 4.03 4.03 4.03 4.43 4.43 4.43 4.43
18 5 9.81 9.81 9.81 9.81 63.02 63.02 63.02 63.02
18 4 9.89 9.89 9.89 9.89 101.77 101.77 101.77 101.77
18 3 9.90 9.90 9.90 9.90 120.40 120.40 120.40 120.40
18 2 9.91 9.91 9.91 9.91 131.91 131.91 131.91 131.91
18 1 9.91 9.91 9.91 9.91 140.91 140.91 140.91 140.91
18 0 9.92 9.92 9.92 9.92 150.13 150.13 150.13 150.13

19 30 9.94 9.94 9.94 9.94 6076.07 6076.07 6076.07 6076.07
19 29 9.94 9.94 9.94 9.94 4777.19 4777.19 4777.19 4777.19
19 28 9.94 9.94 9.94 9.94 3742.35 3742.35 3742.35 3742.35
19 27 9.94 9.94 9.94 9.94 2917.11 2917.11 2917.11 2917.11
19 26 9.94 9.94 9.94 9.94 2257.82 2257.82 2257.82 2257.82
19 25 9.94 9.94 9.94 9.94 1729.34 1729.34 1729.34 1729.34
19 24 9.94 9.94 9.94 9.94 1303.05 1303.05 1303.05 1303.05
19 23 9.94 9.94 9.94 9.94 954.96 954.96 954.96 954.96
19 22 9.94 9.94 9.94 9.94 663.11 663.11 663.11 663.11
19 21 9.93 9.93 9.93 9.93 398.40 398.40 398.40 398.40
19 20 9.77 9.77 9.77 9.77 53.30 53.30 53.30 53.30
19 19 7.92 7.92 7.92 7.92 13.18 13.18 13.18 13.18
19 18 4.77 4.77 4.77 4.77 5.46 5.46 5.46 5.46
19 17 2.49 2.49 2.49 2.49 2.59 2.59 2.59 2.59
19 16 1.37 1.37 1.37 1.37 1.40 1.40 1.40 1.40
19 15 1.13 1.13 1.13 1.13 1.14 1.14 1.14 1.14
19 14 1.10 1.10 1.10 1.10 1.11 1.11 1.11 1.11
19 13 1.10 1.10 1.10 1.10 1.11 1.11 1.11 1.11
19 12 1.13 1.13 1.13 1.13 1.14 1.14 1.14 1.14
19 11 1.18 1.18 1.18 1.18 1.20 1.20 1.20 1.20
19 10 1.28 1.28 1.28 1.28 1.29 1.29 1.29 1.29
19 9 1.44 1.44 1.44 1.44 1.46 1.46 1.46 1.46
19 8 1.75 1.75 1.75 1.75 1.79 1.79 1.79 1.79
19 7 2.41 2.41 2.41 2.41 2.50 2.50 2.50 2.50
19 6 4.50 4.50 4.50 4.50 5.07 5.07 5.07 5.07
19 5 9.82 9.82 9.82 9.82 65.44 65.44 65.44 65.44
19 4 9.89 9.89 9.89 9.89 97.58 97.58 97.58 97.58
19 3 9.90 9.90 9.90 9.90 112.98 112.98 112.98 112.98
19 2 9.90 9.90 9.90 9.90 122.18 122.18 122.18 122.18
19 1 9.91 9.91 9.91 9.91 129.49 129.49 129.49 129.49
19 0 9.91 9.91 9.91 9.91 137.71 137.71 137.71 137.71

20 30 9.94 9.94 9.94 9.94 4896.67 4896.67 4896.67 4896.67
20 29 9.94 9.94 9.94 9.94 3829.96 3829.96 3829.96 3829.96
20 28 9.94 9.94 9.94 9.94 2979.18 2979.18 2979.18 2979.18
20 27 9.94 9.94 9.94 9.94 2299.48 2299.48 2299.48 2299.48
20 26 9.94 9.94 9.94 9.94 1754.73 1754.73 1754.73 1754.73
20 25 9.94 9.94 9.94 9.94 1315.54 1315.54 1315.54 1315.54
20 24 9.94 9.94 9.94 9.94 957.31 957.31 957.31 957.31
20 23 9.94 9.94 9.94 9.94 657.50 657.50 657.50 657.50
20 22 9.93 9.93 9.93 9.93 384.93 384.93 384.93 384.93
20 21 9.75 9.75 9.75 9.75 50.27 50.27 50.27 50.27
20 20 7.89 7.89 7.89 7.89 13.05 13.05 13.05 13.05
20 19 4.74 4.74 4.74 4.74 5.42 5.42 5.42 5.42
20 18 2.46 2.46 2.46 2.46 2.56 2.56 2.56 2.56
20 17 1.33 1.33 1.33 1.33 1.35 1.35 1.35 1.35
20 16 1.10 1.10 1.10 1.10 1.11 1.11 1.11 1.11
20 15 1.07 1.07 1.07 1.07 1.08 1.08 1.08 1.08
20 14 1.07 1.07 1.07 1.07 1.08 1.08 1.08 1.08
20 13 1.09 1.09 1.09 1.09 1.10 1.10 1.10 1.10
20 12 1.13 1.13 1.13 1.13 1.14 1.14 1.14 1.14
20 11 1.19 1.19 1.19 1.19 1.20 1.20 1.20 1.20
20 10 1.29 1.29 1.29 1.29 1.31 1.31 1.31 1.31
20 9 1.47 1.47 1.47 1.47 1.49 1.49 1.49 1.49
20 8 1.80 1.80 1.80 1.80 1.84 1.84 1.84 1.84
20 7 2.52 2.52 2.52 2.52 2.62 2.62 2.62 2.62
20 6 4.95 4.95 4.95 4.95 5.73 5.73 5.73 5.73
20 5 9.82 9.82 9.82 9.82 65.38 65.38 65.38 65.38
20 4 9.88 9.88 9.88 9.88 92.02 92.02 92.02 92.02
20 3 9.89 9.89 9.89 9.89 104.35 104.35 104.35 104.35
20 2 9.90 9.90 9.90 9.90 111.43 111.43 111.43 111.43
20 1 9.90 9.90 9.90 9.90 117.46 117.46 117.46 117.46
20 0 9.91 9.91 9.91 9.91 125.24 125.24 125.24 125.24

21 30 9.94 9.94 9.94 9.94 3918.20 3918.20 3918.20 3918.20
21 29 9.94 9.94 9.94 9.94 3042.25 3042.25 3042.25 3042.25
21 28 9.94 9.94 9.94 9.94 2342.40 2342.40 2342.40 2342.40
21 27 9.94 9.94 9.94 9.94 1781.58 1781.58 1781.58 1781.58
21 26 9.94 9.94 9.94 9.94 1329.64 1329.64 1329.64 1329.64
21 25 9.94 9.94 9.94 9.94 961.37 961.37 961.37 961.37
21 24 9.94 9.94 9.94 9.94 653.62 653.62 653.62 653.62
21 23 9.93 9.93 9.93 9.93 372.71 372.71 372.71 372.71
21 22 9.73 9.73 9.73 9.73 48.18 48.18 48.18 48.18
21 21 7.87 7.87 7.87 7.87 12.96 12.96 12.96 12.96
21 20 4.72 4.72 4.72 4.72 5.39 5.39 5.39 5.39
21 19 2.44 2.44 2.44 2.44 2.53 2.53 2.53 2.53
21 18 1.32 1.32 1.32 1.32 1.34 1.34 1.34 1.34
21 17 1.08 1.08 1.08 1.08 1.09 1.09 1.09 1.09
21 16 1.05 1.05 1.05 1.05 1.06 1.06 1.06 1.06
21 15 1.05 1.05 1.05 1.05 1.06 1.06 1.06 1.06
21 14 1.06 1.06 1.06 1.06 1.07 1.07 1.07 1.07
21 13 1.09 1.09 1.09 1.09 1.10 1.10 1.10 1.10
21 12 1.13 1.13 1.13 1.13 1.14 1.14 1.14 1.14
21 11 1.19 1.19 1.19 1.19 1.21 1.21 1.21 1.21
21 10 1.30 1.30 1.30 1.30 1.32 1.32 1.32 1.32
21 9 1.49 1.49 1.49 1.49 1.51 1.51 1.51 1.51
21 8 1.83 1.83 1.83 1.83 1.88 1.88 1.88 1.88
21 7 2.60 2.60 2.60 2.60 2.71 2.71 2.71 2.71
21 6 5.34 5.34 5.34 5.34 6.36 6.36 6.36 6.36
21 5 9.82 9.82 9.82 9.82 63.45 63.45 63.45 63.45
21 4 9.87 9.87 9.87 9.87 85.23 85.23 85.23 85.23
21 3 9.88 9.88 9.88 9.88 94.71 94.71 94.71 94.71
21 2 9.89 9.89 9.89 9.89 100.07 100.07 100.07 100.07
21 1 9.89 9.89 9.89 9.89 105.43 105.43 105.43 105.43
21 0 9.90 9.90 9.90 9.90 113.42 113.42 113.42 113.42

22 30 9.94 9.94 9.94 9.94 3106.26 3106.26 3106.26 3106.26
22 29 9.94 9.94 9.94 9.94 2386.51 2386.51 2386.51 2386.51
22 28 9.94 9.94 9.94 9.94 1809.80 1809.80 1809.80 1809.80
22 27 9.94 9.94 9.94 9.94 1345.23 1345.23 1345.23 1345.23
22 26 9.94 9.94 9.94 9.94 966.96 966.96 966.96 966.96
22 25 9.94 9.94 9.94 9.94 651.18 651.18 651.18 651.18
22 24 9.93 9.93 9.93 9.93 361.35 361.35 361.35 361.35
22 23 9.72 9.72 9.72 9.72 46.68 46.68 46.68 46.68
22 22 7.85 7.85 7.85 7.85 12.89 12.89 12.89 12.89
22 21 4.70 4.70 4.70 4.70 5.37 5.37 5.37 5.37
22 20 2.42 2.42 2.42 2.42 2.51 2.51 2.51 2.51
22 19 1.29 1.29 1.29 1.29 1.30 1.30 1.30 1.30
22 18 1.06 1.06 1.06 1.06 1.07 1.07 1.07 1.07
22 17 1.04 1.04 1.04 1.04 1.05 1.05 1.05 1.05
22 16 1.04 1.04 1.04 1.04 1.05 1.05 1.05 1.05
22 15 1.04 1.04 1.04 1.04 1.05 1.05 1.05 1.05
22 14 1.06 1.06 1.06 1.06 1.07 1.07 1.07 1.07
22 13 1.08 1.08 1.08 1.08 1.10 1.10 1.10 1.10
22 12 1.13 1.13 1.13 1.13 1.14 1.14 1.14 1.14
22 11 1.20 1.20 1.20 1.20 1.21 1.21 1.21 1.21
22 10 1.31 1.31 1.31 1.31 1.32 1.32 1.32 1.32
22 9 1.50 1.50 1.50 1.50 1.52 1.52 1.52 1.52
22 8 1.85 1.85 1.85 1.85 1.89 1.89 1.89 1.89
22 7 2.63 2.63 2.63 2.63 2.74 2.74 2.74 2.74
22 6 5.66 5.66 5.66 5.66 6.92 6.92 6.92 6.92
22 5 9.80 9.80 9.80 9.80 60.02 60.02 60.02 60.02
22 4 9.86 9.86 9.86 9.86 77.41 77.41 77.41 77.41
22 3 9.87 9.87 9.87 9.87 84.42 84.42 84.42 84.42
22 2 9.87 9.87 9.87 9.87 88.69 88.69 88.69 88.69
22 1 9.88 9.88 9.88 9.88 94.13 94.13 94.13 94.13
22 0 9.89 9.89 9.89 9.89 102.83 102.83 102.83 102.83

23 30 9.94 9.94 9.94 9.94 2431.76 2431.76 2431.76 2431.76
23 29 9.94 9.94 9.94 9.94 1839.30 1839.30 1839.30 1839.30
23 28 9.94 9.94 9.94 9.94 1362.16 1362.16 1362.16 1362.16
23 27 9.94 9.94 9.94 9.94 973.90 973.90 973.90 973.90
23 26 9.94 9.94 9.94 9.94 649.93 649.93 649.93 649.93
23 25 9.93 9.93 9.93 9.93 350.73 350.73 350.73 350.73
23 24 9.71 9.71 9.71 9.71 45.58 45.58 45.58 45.58
23 23 7.84 7.84 7.84 7.84 12.83 12.83 12.83 12.83
23 22 4.69 4.69 4.69 4.69 5.35 5.35 5.35 5.35
23 21 2.41 2.41 2.41 2.41 2.49 2.49 2.49 2.49
23 20 1.26 1.26 1.26 1.26 1.27 1.27 1.27 1.27
23 19 1.05 1.05 1.05 1.05 1.06 1.06 1.06 1.06
23 18 1.03 1.03 1.03 1.03 1.04 1.04 1.04 1.04
23 17 1.02 1.02 1.02 1.02 1.04 1.04 1.04 1.04
23 16 1.03 1.03 1.03 1.03 1.04 1.04 1.04 1.04
23 15 1.04 1.04 1.04 1.04 1.05 1.05 1.05 1.05
23 14 1.06 1.06 1.06 1.06 1.07 1.07 1.07 1.07
23 13 1.08 1.08 1.08 1.08 1.09 1.09 1.09 1.09
23 12 1.13 1.13 1.13 1.13 1.14 1.14 1.14 1.14
23 11 1.19 1.19 1.19 1.19 1.21 1.21 1.21 1.21
23 10 1.30 1.30 1.30 1.30 1.32 1.32 1.32 1.32
23 9 1.49 1.49 1.49 1.49 1.51 1.51 1.51 1.51
23 8 1.83 1.83 1.83 1.83 1.87 1.87 1.87 1.87
23 7 2.60 2.60 2.60 2.60 2.71 2.71 2.71 2.71
23 6 5.90 5.90 5.90 5.90 7.37 7.37 7.37 7.37
23 5 9.78 9.78 9.78 9.78 55.41 55.41 55.41 55.41
23 4 9.83 9.83 9.83 9.83 68.88 68.88 68.88 68.88
23 3 9.85 9.85 9.85 9.85 74.05 74.05 74.05 74.05
23 2 9.86 9.86 9.86 9.86 78.04 78.04 78.04 78.04
23 1 9.87 9.87 9.87 9.87 84.17 84.17 84.17 84.17
23 0 9.88 9.88 9.88 9.88 93.88 93.88 93.88 93.88

24 30 9.94 9.94 9.94 9.94 1869.97 1869.97 1869.97 1869.97
24 29 9.94 9.94 9.94 9.94 1380.32 1380.32 1380.32 1380.32
24 28 9.94 9.94 9.94 9.94 982.01 982.01 982.01 982.01
24 27 9.94 9.94 9.94 9.94 649.64 649.64 649.64 649.64
24 26 9.93 9.93 9.93 9.93 340.71 340.71 340.71 340.71
24 25 9.70 9.70 9.70 9.70 44.75 44.75 44.75 44.75
24 24 7.83 7.83 7.83 7.83 12.78 12.78 12.78 12.78
24 23 4.68 4.68 4.68 4.68 5.34 5.34 5.34 5.34
24 22 2.40 2.40 2.40 2.40 2.48 2.48 2.48 2.48
24 21 1.23 1.23 1.23 1.23 1.25 1.25 1.25 1.25
24 20 1.03 1.03 1.03 1.03 1.05 1.05 1.05 1.05
24 19 1.02 1.02 1.02 1.02 1.03 1.03 1.03 1.03
24 18 1.02 1.02 1.02 1.02 1.03 1.03 1.03 1.03
24 17 1.02 1.02 1.02 1.02 1.03 1.03 1.03 1.03
24 16 1.02 1.02 1.02 1.02 1.04 1.04 1.04 1.04
24 15 1.04 1.04 1.04 1.04 1.05 1.05 1.05 1.05
24 14 1.05 1.05 1.05 1.05 1.06 1.06 1.06 1.06
24 13 1.08 1.08 1.08 1.08 1.09 1.09 1.09 1.09
24 12 1.12 1.12 1.12 1.12 1.13 1.13 1.13 1.13
24 11 1.19 1.19 1.19 1.19 1.20 1.20 1.20 1.20
24 10 1.29 1.29 1.29 1.29 1.31 1.31 1.31 1.31
24 9 1.46 1.46 1.46 1.46 1.48 1.48 1.48 1.48
24 8 1.78 1.78 1.78 1.78 1.82 1.82 1.82 1.82
24 7 2.52 2.52 2.52 2.52 2.62 2.62 2.62 2.62
24 6 6.05 6.05 6.05 6.05 7.67 7.67 7.67 7.67
24 5 9.74 9.74 9.74 9.74 49.95 49.95 49.95 49.95
24 4 9.80 9.80 9.80 9.80 60.12 60.12 60.12 60.12
24 3 9.82 9.82 9.82 9.82 64.28 64.28 64.28 64.28
24 2 9.83 9.83 9.83 9.83 68.74 68.74 68.74 68.74
24 1 9.85 9.85 9.85 9.85 75.87 75.87 75.87 75.87
24 0 9.87 9.87 9.87 9.87 86.62 86.62 86.62 86.62

25 30 9.94 9.94 9.94 9.94 1399.55 1399.55 1399.55 1399.55
25 29 9.94 9.94 9.94 9.94 991.10 991.10 991.10 991.10
25 28 9.94 9.94 9.94 9.94 650.09 650.09 650.09 650.09
25 27 9.93 9.93 9.93 9.93 331.26 331.26 331.26 331.26
25 26 9.69 9.69 9.69 9.69 44.12 44.12 44.12 44.12
25 25 7.82 7.82 7.82 7.82 12.74 12.74 12.74 12.74
25 24 4.67 4.67 4.67 4.67 5.32 5.32 5.32 5.32
25 23 2.39 2.39 2.39 2.39 2.47 2.47 2.47 2.47
25 22 1.21 1.21 1.21 1.21 1.23 1.23 1.23 1.23
25 21 1.03 1.03 1.03 1.03 1.04 1.04 1.04 1.04
25 20 1.01 1.01 1.01 1.01 1.02 1.02 1.02 1.02
25 19 1.01 1.01 1.01 1.01 1.02 1.02 1.02 1.02
25 18 1.01 1.01 1.01 1.01 1.02 1.02 1.02 1.02
25 17 1.02 1.02 1.02 1.02 1.03 1.03 1.03 1.03
25 16 1.02 1.02 1.02 1.02 1.03 1.03 1.03 1.03
25 15 1.03 1.03 1.03 1.03 1.04 1.04 1.04 1.04
25 14 1.05 1.05 1.05 1.05 1.06 1.06 1.06 1.06
25 13 1.07 1.07 1.07 1.07 1.09 1.09 1.09 1.09
25 12 1.11 1.11 1.11 1.11 1.12 1.12 1.12 1.12
25 11 1.17 1.17 1.17 1.17 1.19 1.19 1.19 1.19
25 10 1.26 1.26 1.26 1.26 1.28 1.28 1.28 1.28
25 9 1.42 1.42 1.42 1.42 1.44 1.44 1.44 1.44
25 8 1.71 1.71 1.71 1.71 1.74 1.74 1.74 1.74
25 7 2.39 2.39 2.39 2.39 2.47 2.47 2.47 2.47
25 6 6.11 6.11 6.11 6.11 7.79 7.79 7.79 7.79
25 5 9.69 9.69 9.69 9.69 43.99 43.99 43.99 43.99
25 4 9.76 9.76 9.76 9.76 51.70 51.70 51.70 51.70
25 3 9.78 9.78 9.78 9.78 55.74 55.74 55.74 55.74
25 2 9.81 9.81 9.81 9.81 61.09 61.09 61.09 61.09
25 1 9.84 9.84 9.84 9.84 69.26 69.26 69.26 69.26
25 0 9.86 9.86 9.86 9.86 80.87 80.87 80.87 80.87

26 30 9.94 9.94 9.94 9.94 1001.00 1001.00 1001.00 1001.00
26 29 9.94 9.94 9.94 9.94 651.09 651.09 651.09 651.09
26 28 9.93 9.93 9.93 9.93 322.42 322.42 322.42 322.42
26 27 9.69 9.69 9.69 9.69 43.63 43.63 43.63 43.63
26 26 7.81 7.81 7.81 7.81 12.71 12.71 12.71 12.71
26 25 4.67 4.67 4.67 4.67 5.31 5.31 5.31 5.31
26 24 2.38 2.38 2.38 2.38 2.46 2.46 2.46 2.46
26 23 1.19 1.19 1.19 1.19 1.21 1.21 1.21 1.21
26 22 1.02 1.02 1.02 1.02 1.03 1.03 1.03 1.03
26 21 1.01 1.01 1.01 1.01 1.02 1.02 1.02 1.02
26 20 1.01 1.01 1.01 1.01 1.02 1.02 1.02 1.02
26 19 1.01 1.01 1.01 1.01 1.02 1.02 1.02 1.02
26 18 1.01 1.01 1.01 1.01 1.02 1.02 1.02 1.02
26 17 1.01 1.01 1.01 1.01 1.02 1.02 1.02 1.02
26 16 1.02 1.02 1.02 1.02 1.03 1.03 1.03 1.03
26 15 1.03 1.03 1.03 1.03 1.04 1.04 1.04 1.04
26 14 1.04 1.04 1.04 1.04 1.05 1.05 1.05 1.05
26 13 1.07 1.07 1.07 1.07 1.08 1.08 1.08 1.08
26 12 1.10 1.10 1.10 1.10 1.11 1.11 1.11 1.11
26 11 1.15 1.15 1.15 1.15 1.16 1.16 1.16 1.16
26 10 1.23 1.23 1.23 1.23 1.24 1.24 1.24 1.24
26 9 1.36 1.36 1.36 1.36 1.38 1.38 1.38 1.38
26 8 1.61 1.61 1.61 1.61 1.64 1.64 1.64 1.64
26 7 2.21 2.21 2.21 2.21 2.28 2.28 2.28 2.28
26 6 6.07 6.07 6.07 6.07 7.70 7.70 7.70 7.70
26 5 9.61 9.61 9.61 9.61 37.97 37.97 37.97 37.97
26 4 9.69 9.69 9.69 9.69 44.20 44.20 44.20 44.20
26 3 9.74 9.74 9.74 9.74 48.74 48.74 48.74 48.74
26 2 9.78 9.78 9.78 9.78 55.07 55.07 55.07 55.07
26 1 9.82 9.82 9.82 9.82 64.12 64.12 64.12 64.12
26 0 9.85 9.85 9.85 9.85 76.39 76.39 76.39 76.39

27 30 9.94 9.94 9.94 9.94 652.45 652.45 652.45 652.45
27 29 9.93 9.93 9.93 9.93 314.25 314.25 314.25 314.25
27 28 9.68 9.68 9.68 9.68 43.25 43.25 43.25 43.25
27 27 7.81 7.81 7.81 7.81 12.69 12.69 12.69 12.69
27 26 4.66 4.66 4.66 4.66 5.31 5.31 5.31 5.31
27 25 2.37 2.37 2.37 2.37 2.46 2.46 2.46 2.46
27 24 1.18 1.18 1.18 1.18 1.19 1.19 1.19 1.19
27 23 1.01 1.01 1.01 1.01 1.02 1.02 1.02 1.02
27 22 1.01 1.01 1.01 1.01 1.02 1.02 1.02 1.02
27 21 1.00 1.00 1.00 1.00 1.01 1.01 1.01 1.01
27 20 1.00 1.00 1.00 1.00 1.01 1.01 1.01 1.01
27 19 1.00 1.00 1.00 1.00 1.01 1.01 1.01 1.01
27 18 1.01 1.01 1.01 1.01 1.02 1.02 1.02 1.02
27 17 1.01 1.01 1.01 1.01 1.02 1.02 1.02 1.02
27 16 1.02 1.02 1.02 1.02 1.03 1.03 1.03 1.03
27 15 1.02 1.02 1.02 1.02 1.03 1.03 1.03 1.03
27 14 1.04 1.04 1.04 1.04 1.05 1.05 1.05 1.05
27 13 1.05 1.05 1.05 1.05 1.07 1.07 1.07 1.07
27 12 1.08 1.08 1.08 1.08 1.09 1.09 1.09 1.09
27 11 1.12 1.12 1.12 1.12 1.14 1.14 1.14 1.14
27 10 1.19 1.19 1.19 1.19 1.20 1.20 1.20 1.20
27 9 1.29 1.29 1.29 1.29 1.31 1.31 1.31 1.31
27 8 1.50 1.50 1.50 1.50 1.52 1.52 1.52 1.52
27 7 2.00 2.00 2.00 2.00 2.05 2.05 2.05 2.05
27 6 5.91 5.91 5.91 5.91 7.40 7.40 7.40 7.40
27 5 9.49 9.49 9.49 9.49 32.33 32.33 32.33 32.33
27 4 9.61 9.61 9.61 9.61 38.00 38.00 38.00 38.00
27 3 9.68 9.68 9.68 9.68 43.29 43.29 43.29 43.29
27 2 9.75 9.75 9.75 9.75 50.47 50.47 50.47 50.47
27 1 9.80 9.80 9.80 9.80 60.18 60.18 60.18 60.18
27 0 9.85 9.85 9.85 9.85 72.92 72.92 72.92 72.92

28 30 9.93 9.93 9.93 9.93 306.83 306.83 306.83 306.83
28 29 9.68 9.68 9.68 9.68 42.95 42.95 42.95 42.95
28 28 7.80 7.80 7.80 7.80 12.67 12.67 12.67 12.67
28 27 4.66 4.66 4.66 4.66 5.30 5.30 5.30 5.30
28 26 2.37 2.37 2.37 2.37 2.45 2.45 2.45 2.45
28 25 1.16 1.16 1.16 1.16 1.18 1.18 1.18 1.18
28 24 1.01 1.01 1.01 1.01 1.02 1.02 1.02 1.02
28 23 1.00 1.00 1.00 1.00 1.01 1.01 1.01 1.01
28 22 1.00 1.00 1.00 1.00 1.01 1.01 1.01 1.01
28 21 1.00 1.00 1.00 1.00 1.01 1.01 1.01 1.01
28 20 1.00 1.00 1.00 1.00 1.01 1.01 1.01 1.01
28 19 1.00 1.00 1.00 1.00 1.01 1.01 1.01 1.01
28 18 1.00 1.00 1.00 1.00 1.01 1.01 1.01 1.01
28 17 1.01 1.01 1.01 1.01 1.02 1.02 1.02 1.02
28 16 1.01 1.01 1.01 1.01 1.02 1.02 1.02 1.02
28 15 1.02 1.02 1.02 1.02 1.03 1.03 1.03 1.03
28 14 1.03 1.03 1.03 1.03 1.04 1.04 1.04 1.04
28 13 1.04 1.04 1.04 1.04 1.05 1.05 1.05 1.05
28 12 1.06 1.06 1.06 1.06 1.07 1.07 1.07 1.07
28 11 1.09 1.09 1.09 1.09 1.10 1.10 1.10 1.10
28 10 1.14 1.14 1.14 1.14 1.15 1.15 1.15 1.15
28 9 1.22 1.22 1.22 1.22 1.23 1.23 1.23 1.23
28 8 1.37 1.37 1.37 1.37 1.39 1.39 1.39 1.39
28 7 1.77 1.77 1.77 1.77 1.80 1.80 1.80 1.80
28 6 5.64 5.64 5.64 5.64 6.88 6.88 6.88 6.88
28 5 9.34 9.34 9.34 9.34 27.44 27.44 27.44 27.44
28 4 9.51 9.51 9.51 9.51 33.15 33.15 33.15 33.15
28 3 9.63 9.63 9.63 9.63 39.16 39.16 39.16 39.16
28 2 9.72 9.72 9.72 9.72 46.98 46.98 46.98 46.98
28 1 9.79 9.79 9.79 9.79 57.16 57.16 57.16 57.16
28 0 9.84 9.84 9.84 9.84 70.22 70.22 70.22 70.22

29 30 9.68 9.68 9.68 9.68 42.71 42.71 42.71 42.71
29 29 7.80 7.80 7.80 7.80 12.65 12.65 12.65 12.65
29 28 4.65 4.65 4.65 4.65 5.29 5.29 5.29 5.29
29 27 2.36 2.36 2.36 2.36 2.45 2.45 2.45 2.45
29 26 1.15 1.15 1.15 1.15 1.17 1.17 1.17 1.17
29 25 1.01 1.01 1.01 1.01 1.02 1.02 1.02 1.02
29 24 1.00 1.00 1.00 1.00 1.01 1.01 1.01 1.01
29 23 1.00 1.00 1.00 1.00 1.01 1.01 1.01 1.01
29 22 1.00 1.00 1.00 1.00 1.01 1.01 1.01 1.01
29 21 1.00 1.00 1.00 1.00 1.01 1.01 1.01 1.01
29 20 1.00 1.00 1.00 1.00 1.01 1.01 1.01 1.01
29 19 1.00 1.00 1.00 1.00 1.01 1.01 1.01 1.01
29 18 1.00 1.00 1.00 1.00 1.01 1.01 1.01 1.01
29 17 1.00 1.00 1.00 1.00 1.01 1.01 1.01 1.01
29 16 1.01 1.01 1.01 1.01 1.02 1.02 1.02 1.02
29 15 1.01 1.01 1.01 1.01 1.02 1.02 1.02 1.02
29 14 1.02 1.02 1.02 1.02 1.03 1.03 1.03 1.03
29 13 1.03 1.03 1.03 1.03 1.04 1.04 1.04 1.04
29 12 1.04 1.04 1.04 1.04 1.05 1.05 1.05 1.05
29 11 1.06 1.06 1.06 1.06 1.07 1.07 1.07 1.07
29 10 1.09 1.09 1.09 1.09 1.10 1.10 1.10 1.10
29 9 1.14 1.14 1.14 1.14 1.15 1.15 1.15 1.15
29 8 1.24 1.24 1.24 1.24 1.26 1.26 1.26 1.26
29 7 1.52 1.52 1.52 1.52 1.55 1.55 1.55 1.55
29 6 5.24 5.24 5.24 5.24 6.20 6.20 6.20 6.20
29 5 9.15 9.15 9.15 9.15 23.49 23.49 23.49 23.49
29 4 9.41 9.41 9.41 9.41 29.51 29.51 29.51 29.51
29 3 9.58 9.58 9.58 9.58 36.08 36.08 36.08 36.08
29 2 9.69 9.69 9.69 9.69 44.35 44.35 44.35 44.35
29 1 9.78 9.78 9.78 9.78 54.84 54.84 54.84 54.84
29 0 9.83 9.83 9.83 9.83 68.13 68.13 68.13 68.13

30 30 7.79 7.79 7.79 7.79 12.63 12.63 12.63 12.63
30 29 4.65 4.65 4.65 4.65 5.29 5.29 5.29 5.29
30 28 2.36 2.36 2.36 2.36 2.44 2.44 2.44 2.44
30 27 1.14 1.14 1.14 1.14 1.16 1.16 1.16 1.16
30 26 1.00 1.00 1.00 1.00 1.01 1.01 1.01 1.01
30 25 1.00 1.00 1.00 1.00 1.01 1.01 1.01 1.01
30 24 1.00 1.00 1.00 1.00 1.01 1.01 1.01 1.01
30 23 1.00 1.00 1.00 1.00 1.01 1.01 1.01 1.01
30 22 1.00 1.00 1.00 1.00 1.01 1.01 1.01 1.01
30 21 1.00 1.00 1.00 1.00 1.01 1.01 1.01 1.01
30 20 1.00 1.00 1.00 1.00 1.01 1.01 1.01 1.01
30 19 1.00 1.00 1.00 1.00 1.01 1.01 1.01 1.01
30 18 1.00 1.00 1.00 1.00 1.01 1.01 1.01 1.01
30 17 1.00 1.00 1.00 1.00 1.01 1.01 1.01 1.01
30 16 1.00 1.00 1.00 1.00 1.01 1.01 1.01 1.01
30 15 1.00 1.00 1.00 1.00 1.01 1.01 1.01 1.01
30 14 1.01 1.01 1.01 1.01 1.02 1.02 1.02 1.02
30 13 1.01 1.01 1.01 1.01 1.02 1.02 1.02 1.02
30 12 1.01 1.01 1.01 1.01 1.02 1.02 1.02 1.02
30 11 1.02 1.02 1.02 1.02 1.03 1.03 1.03 1.03
30 10 1.03 1.03 1.03 1.03 1.04 1.04 1.04 1.04
30 9 1.06 1.06 1.06 1.06 1.07 1.07 1.07 1.07
30 8 1.11 1.11 1.11 1.11 1.12 1.12 1.12 1.12
30 7 1.28 1.28 1.28 1.28 1.30 1.30 1.30 1.30
30 6 4.74 4.74 4.74 4.74 5.41 5.41 5.41 5.41
30 5 8.93 8.93 8.93 8.93 20.47 20.47 20.47 20.47
30 4 9.31 9.31 9.31 9.31 26.80 26.80 26.80 26.80
30 3 9.53 9.53 9.53 9.53 33.78 33.78 33.78 33.78
30 2 9.67 9.67 9.67 9.67 42.34 42.34 42.34 42.34
30 1 9.77 9.77 9.77 9.77 53.05 53.05 53.05 53.05
30 0 9.83 9.83 9.83 9.83 66.49 66.49 66.49 66.49

