0 30 9.94 9.94 9.94 9.94 inf inf inf inf
0 29 9.94 9.94 9.94 9.94 inf inf inf inf
0 28 9.94 9.94 9.94 9.94 inf inf inf inf
0 27 9.94 9.94 9.94 9.94 inf inf inf inf
0 26 9.94 9.94 9.94 9.94 inf inf inf inf
0 25 9.94 9.94 9.94 9.94 inf inf inf inf
0 24 9.94 9.94 9.94 9.94 inf inf inf inf
0 23 9.94 9.94 9.94 9.94 inf inf inf inf
0 22 9.94 9.94 9.94 9.94 835688661.68 835688661.69 835688661.68 835688661.69
0 21 9.94 9.94 9.94 9.94 780634675.74 780634675.74 780634675.74 780634675.74
0 20 9.94 9.94 9.94 9.94 -nan(ind) -nan(ind) -nan(ind) -nan(ind)
0 19 9.94 9.94 9.94 9.94 792117606.17 792117606.17 792117606.17 792117606.17
0 18 9.94 9.94 9.94 9.94 inf inf inf inf
0 17 9.94 9.94 9.94 9.94 inf inf inf inf
0 16 9.94 9.94 9.94 9.94 875418243.15 875418243.18 875418243.14 875418243.17
0 15 9.94 9.94 9.94 9.94 339368339.84 339368339.87 339368339.82 339368339.86
0 14 9.94 9.94 9.94 9.94 198011660.52 198011660.58 198011660.48 198011660.56
0 13 9.94 9.94 9.94 9.94 99856887.39 99856887.49 99856887.29 99856887.47
0 12 9.94 9.94 9.94 9.94 51047374.08 51047374.32 51047373.82 51047374.25
0 11 9.94 9.94 9.94 9.94 25795959.35 25795960.26 25795958.23 25795960.02
0 10 9.94 9.94 9.94 9.94 13061512.77 13061513.56 13061511.76 13061513.36
0 9 9.94 9.94 9.94 9.94 6557689.59 6557690.03 6557689.00 6557689.92
0 8 9.94 9.94 9.94 9.94 3357239.82 3357240.19 3357239.32 3357240.10
0 7 9.94 9.94 9.94 9.94 1721184.09 1721184.43 1721183.61 1721184.35
0 6 9.94 9.94 9.94 9.94 892965.31 892965.65 892964.84 892965.56
0 5 9.94 9.94 9.94 9.94 472479.16 472479.51 472478.67 472479.43
0 4 9.94 9.94 9.94 9.94 258581.01 258581.39 258580.47 258581.30
0 3 9.94 9.94 9.94 9.94 150019.84 150020.28 150019.22 150020.17
0 2 9.94 9.94 9.94 9.94 96148.85 96149.41 96148.05 96149.27
0 1 9.94 9.94 9.94 9.94 72440.92 72441.77 72439.72 72441.57
0 0 9.94 9.94 9.94 9.94 70413.59 70415.25 70411.22 70414.85

1 30 9.94 9.94 9.94 9.94 inf inf inf inf
1 29 9.94 9.94 9.94 9.94 inf inf inf inf
1 28 9.94 9.94 9.94 9.94 898336202.73 898336202.73 898336202.73 898336202.73
1 27 9.94 9.94 9.94 9.94 inf inf inf inf
1 26 9.94 9.94 9.94 9.94 895114771.11 895114771.11 895114771.11 895114771.11
1 25 9.94 9.94 9.94 9.94 890868684.54 890868684.54 890868684.54 890868684.54
1 24 9.94 9.94 9.94 9.94 inf inf inf inf
1 23 9.94 9.94 9.94 9.94 inf inf inf inf
1 22 9.94 9.94 9.94 9.94 inf inf inf inf
1 21 9.94 9.94 9.94 9.94 -nan(ind) -nan(ind) -nan(ind) -nan(ind)
1 20 9.94 9.94 9.94 9.94 inf inf inf inf
1 19 9.94 9.94 9.94 9.94 inf inf inf inf
1 18 9.94 9.94 9.94 9.94 -nan(ind) -nan(ind) -nan(ind) -nan(ind)
1 17 9.94 9.94 9.94 9.94 745655671.32 745655671.33 745655671.32 745655671.33
1 16 9.94 9.94 9.94 9.94 330876995.10 330876995.11 330876995.09 330876995.10
1 15 9.94 9.94 9.94 9.94 181400006.01 181400006.03 181400006.00 181400006.02
1 14 9.94 9.94 9.94 9.94 98067361.00 98067361.03 98067360.98 98067361.02
1 13 9.94 9.94 9.94 9.94 50516543.05 50516543.11 50516543.00 50516543.09
1 12 9.94 9.94 9.94 9.94 25674797.34 25674797.46 25674797.21 25674797.43
1 11 9.94 9.94 9.94 9.94 13015392.52 13015392.98 13015391.96 13015392.87
1 10 9.94 9.94 9.94 9.94 6523443.61 6523444.00 6523443.10 6523443.90
1 9 9.94 9.94 9.94 9.94 3329206.32 3329206.55 3329206.02 3329206.49
1 8 9.94 9.94 9.94 9.94 1696674.93 1696675.11 1696674.68 1696675.07
1 7 9.94 9.94 9.94 9.94 871315.40 871315.58 871315.16 871315.53
1 6 9.94 9.94 9.94 9.94 453248.86 453249.03 453248.62 453248.99
1 5 9.94 9.94 9.94 9.94 240962.33 240962.51 240962.08 240962.47
1 4 9.94 9.94 9.94 9.94 132954.10 132954.29 132953.83 132954.25
1 3 9.94 9.94 9.94 9.94 78177.07 78177.30 78176.75 78177.24
1 2 9.94 9.94 9.94 9.94 51143.76 51144.06 51143.34 51143.99
1 1 9.94 9.94 9.94 9.94 39527.85 39528.31 39527.19 39528.20
1 0 9.94 9.94 9.94 9.94 38210.84 38211.75 38209.54 38211.53

2 30 9.94 9.94 9.94 9.94 inf inf inf inf
2 29 9.94 9.94 9.94 9.94 inf inf inf inf
2 28 9.94 9.94 9.94 9.94 898336198.51 898336198.51 898336198.51 898336198.51
2 27 9.94 9.94 9.94 9.94 897258114.19 897258114.19 897258114.19 897258114.19
2 26 9.94 9.94 9.94 9.94 inf inf inf inf
2 25 9.94 9.94 9.94 9.94 890868680.34 890868680.34 890868680.34 890868680.34
2 24 9.94 9.94 9.94 9.94 882515869.58 882515869.58 882515869.58 882515869.58
2 23 9.94 9.94 9.94 9.94 866309269.69 866309269.69 866309269.69 866309269.69
2 22 9.94 9.94 9.94 9.94 inf inf inf inf
2 21 9.94 9.94 9.94 9.94 inf inf inf inf
2 20 9.94 9.94 9.94 9.94 689944834.75 689944834.75 689944834.75 689944834.75
2 19 9.94 9.94 9.94 9.94 792117604.27 792117604.27 792117604.27 792117604.27
2 18 9.94 9.94 9.94 9.94 407215858.74 407215858.74 407215858.74 407215858.74
2 17 9.94 9.94 9.94 9.94 281831352.29 281831352.29 281831352.28 281831352.29
2 16 9.94 9.94 9.94 9.94 168474318.04 168474318.05 168474318.04 168474318.04
2 15 9.94 9.94 9.94 9.94 94123838.46 94123838.47 94123838.45 94123838.46
2 14 9.94 9.94 9.94 9.94 49622336.89 49622336.90 49622336.88 49622336.90
2 13 9.94 9.94 9.94 9.94 25578486.14 25578486.17 25578486.12 25578486.16
2 12 9.94 9.94 9.94 9.94 13018387.26 13018387.32 13018387.19 13018387.30
2 11 9.94 9.94 9.94 9.94 6535426.98 6535427.21 6535426.70 6535427.15
2 10 9.94 9.94 9.94 9.94 3330031.81 3330032.01 3330031.55 3330031.96
2 9 9.94 9.94 9.94 9.94 1691002.63 1691002.75 1691002.48 1691002.72
2 8 9.94 9.94 9.94 9.94 862835.96 862836.05 862835.83 862836.03
2 7 9.94 9.94 9.94 9.94 444021.77 444021.86 444021.65 444021.84
2 6 9.94 9.94 9.94 9.94 231906.55 231906.64 231906.43 231906.62
2 5 9.94 9.94 9.94 9.94 124295.63 124295.72 124295.50 124295.70
2 4 9.94 9.94 9.94 9.94 69795.14 69795.25 69795.00 69795.22
2 3 9.94 9.94 9.94 9.94 42720.98 42721.10 42720.80 42721.07
2 2 9.94 9.94 9.94 9.94 30358.90 30359.08 30358.65 30359.03
2 1 9.94 9.94 9.94 9.94 26066.22 26066.53 26065.78 26066.46
2 0 9.94 9.94 9.94 9.94 26716.34 26716.99 26715.42 26716.83

3 30 9.94 9.94 9.94 9.94 519123931.30 519123931.30 519123931.30 519123931.30
3 29 9.94 9.94 9.94 9.94 518967159.48 518967159.48 518967159.48 518967159.48
3 28 9.94 9.94 9.94 9.94 449168095.20 449168095.20 449168095.20 449168095.20
3 27 9.94 9.94 9.94 9.94 634457291.30 634457291.30 634457291.30 634457291.30
3 26 9.94 9.94 9.94 9.94 516794746.96 516794746.96 516794746.96 516794746.96
3 25 9.94 9.94 9.94 9.94 514343267.75 514343267.75 514343267.75 514343267.75
3 24 9.94 9.94 9.94 9.94 441257930.79 441257930.79 441257930.79 441257930.79
3 23 9.94 9.94 9.94 9.94 387425279.79 387425279.79 387425279.79 387425279.79
3 22 9.94 9.94 9.94 9.94 417844324.21 417844324.21 417844324.21 417844324.21
3 21 9.94 9.94 9.94 9.94 551992064.50 551992064.50 551992064.50 551992064.50
3 20 9.94 9.94 9.94 9.94 398339832.64 398339832.65 398339832.64 398339832.65
3 19 9.94 9.94 9.94 9.94 354245759.00 354245759.00 354245759.00 354245759.00
3 18 9.94 9.94 9.94 9.94 235106183.67 235106183.68 235106183.67 235106183.68
3 17 9.94 9.94 9.94 9.94 149131132.04 149131132.04 149131132.04 149131132.04
3 16 9.94 9.94 9.94 9.94 88885252.31 88885252.32 88885252.31 88885252.32
3 15 9.94 9.94 9.94 9.94 48357980.72 48357980.73 48357980.72 48357980.72
3 14 9.94 9.94 9.94 9.94 25449247.48 25449247.49 25449247.48 25449247.49
3 13 9.94 9.94 9.94 9.94 13109749.21 13109749.23 13109749.20 13109749.22
3 12 9.94 9.94 9.94 9.94 6678822.33 6678822.36 6678822.29 6678822.35
3 11 9.94 9.94 9.94 9.94 3369011.30 3369011.42 3369011.15 3369011.39
3 10 9.94 9.94 9.94 9.94 1709027.85 1709027.95 1709027.72 1709027.93
3 9 9.94 9.94 9.94 9.94 867986.27 867986.33 867986.19 867986.31
3 8 9.94 9.94 9.94 9.94 443310.69 443310.74 443310.63 443310.73
3 7 9.94 9.94 9.94 9.94 228697.50 228697.54 228697.44 228697.53
3 6 9.94 9.94 9.94 9.94 120165.92 120165.97 120165.86 120165.96
3 5 9.94 9.94 9.94 9.94 65413.58 65413.63 65413.51 65413.62
3 4 9.94 9.94 9.94 9.94 38331.09 38331.14 38331.01 38331.13
3 3 9.94 9.94 9.94 9.94 26022.41 26022.48 26022.30 26022.46
3 2 9.94 9.94 9.94 9.94 21414.06 21414.19 21413.89 21414.16
3 1 9.94 9.94 9.94 9.94 20361.33 20361.57 20360.98 20361.51
3 0 9.94 9.94 9.94 9.94 21630.23 21630.76 21629.47 21630.63

4 30 9.94 9.94 9.94 9.94 259561961.31 259561961.31 259561961.31 259561961.31
4 29 9.94 9.94 9.94 9.94 259483575.40 259483575.40 259483575.40 259483575.40
4 28 9.94 9.94 9.94 9.94 259327316.34 259327316.34 259327316.34 259327316.34
4 27 9.94 9.94 9.94 9.94 259016100.21 259016100.21 259016100.21 259016100.21
4 26 9.94 9.94 9.94 9.94 269887249.96 269887249.96 269887249.96 269887249.96
4 25 9.94 9.94 9.94 9.94 268607006.71 268607006.71 268607006.71 268607006.71
4 24 9.94 9.94 9.94 9.94 266088539.54 266088539.54 266088539.54 266088539.54
4 23 9.94 9.94 9.94 9.94 250081938.50 250081938.50 250081938.50 250081938.50
4 22 9.94 9.94 9.94 9.94 231778324.64 231778324.64 231778324.64 231778324.64
4 21 9.94 9.94 9.94 9.94 225349812.75 225349812.75 225349812.75 225349812.75
4 20 9.94 9.94 9.94 9.94 199169912.78 199169912.78 199169912.78 199169912.78
4 19 9.94 9.94 9.94 9.94 165167933.68 165167933.68 165167933.68 165167933.68
4 18 9.94 9.94 9.94 9.94 121408308.48 121408308.48 121408308.48 121408308.48
4 17 9.94 9.94 9.94 9.94 78599005.18 78599005.18 78599005.18 78599005.18
4 16 9.94 9.94 9.94 9.94 45884378.74 45884378.74 45884378.74 45884378.74
4 15 9.94 9.94 9.94 9.94 25207640.97 25207640.97 25207640.96 25207640.97
4 14 9.94 9.94 9.94 9.94 13287362.37 13287362.38 13287362.37 13287362.37
4 13 9.94 9.94 9.94 9.94 6839990.14 6839990.15 6839990.14 6839990.15
4 12 9.94 9.94 9.94 9.94 3463512.02 3463512.04 3463512.00 3463512.03
4 11 9.94 9.94 9.94 9.94 1758635.12 1758635.18 1758635.04 1758635.16
4 10 9.94 9.94 9.94 9.94 890609.01 890609.07 890608.94 890609.05
4 9 9.94 9.94 9.94 9.94 452190.55 452190.58 452190.51 452190.57
4 8 9.94 9.94 9.94 9.94 230941.82 230941.85 230941.79 230941.84
4 7 9.94 9.94 9.94 9.94 119385.05 119385.07 119385.01 119385.07
4 6 9.94 9.94 9.94 9.94 63321.52 63321.55 63321.49 63321.54
4 5 9.94 9.94 9.94 9.94 35723.58 35723.60 35723.54 35723.60
4 4 9.94 9.94 9.94 9.94 23379.18 23379.22 23379.14 23379.21
4 3 9.94 9.94 9.94 9.94 18937.27 18937.33 18937.19 18937.31
4 2 9.94 9.94 9.94 9.94 17621.28 17621.39 17621.14 17621.36
4 1 9.94 9.94 9.94 9.94 17632.76 17632.98 17632.46 17632.92
4 0 9.94 9.94 9.94 9.94 18926.55 18927.02 18925.87 18926.91

5 30 9.94 9.94 9.94 9.94 140423479.17 140423479.17 140423479.17 140423479.17
5 29 9.94 9.94 9.94 9.94 140381072.25 140381072.25 140381072.25 140381072.25
5 28 9.94 9.94 9.94 9.94 140296535.82 140296535.82 140296535.82 140296535.82
5 27 9.94 9.94 9.94 9.94 141868956.66 141868956.66 141868956.66 141868956.66
5 26 9.94 9.94 9.94 9.94 141530063.70 141530063.70 141530063.70 141530063.70
5 25 9.94 9.94 9.94 9.94 139130305.44 139130305.44 139130305.44 139130305.44
5 24 9.94 9.94 9.94 9.94 141315629.02 141315629.02 141315629.02 141315629.02
5 23 9.94 9.94 9.94 9.94 138720496.18 138720496.18 138720496.18 138720496.18
5 22 9.94 9.94 9.94 9.94 132133970.86 132133970.86 132133970.86 132133970.86
5 21 9.94 9.94 9.94 9.94 121914646.14 121914646.14 121914646.14 121914646.14
5 20 9.94 9.94 9.94 9.94 109089850.36 109089850.36 109089850.36 109089850.36
5 19 9.94 9.94 9.94 9.94 89689651.43 89689651.43 89689651.43 89689651.43
5 18 9.94 9.94 9.94 9.94 64386475.66 64386475.66 64386475.66 64386475.66
5 17 9.94 9.94 9.94 9.94 41946403.63 41946403.63 41946403.63 41946403.63
5 16 9.94 9.94 9.94 9.94 24632801.94 24632801.94 24632801.94 24632801.94
5 15 9.94 9.94 9.94 9.94 13507357.64 13507357.64 13507357.64 13507357.64
5 14 9.94 9.94 9.94 9.94 7106082.93 7106082.93 7106082.93 7106082.93
5 13 9.94 9.94 9.94 9.94 3642786.92 3642786.93 3642786.92 3642786.93
5 12 9.94 9.94 9.94 9.94 1850061.04 1850061.05 1850061.03 1850061.05
5 11 9.94 9.94 9.94 9.94 935520.43 935520.46 935520.39 935520.46
5 10 9.94 9.94 9.94 9.94 472154.43 472154.46 472154.40 472154.46
5 9 9.94 9.94 9.94 9.94 238539.94 238539.96 238539.92 238539.95
5 8 9.94 9.94 9.94 9.94 121104.01 121104.02 121103.99 121104.02
5 7 9.94 9.94 9.94 9.94 62338.47 62338.48 62338.45 62338.48
5 6 9.94 9.94 9.94 9.94 33596.40 33596.42 33596.38 33596.41
5 5 9.94 9.94 9.94 9.94 21161.34 21161.36 21161.32 21161.35
5 4 9.94 9.94 9.94 9.94 17192.07 17192.09 17192.03 17192.09
5 3 9.94 9.94 9.94 9.94 16077.62 16077.66 16077.55 16077.65
5 2 9.94 9.94 9.94 9.94 15822.00 15822.09 15821.86 15822.07
5 1 9.94 9.94 9.94 9.94 16108.42 16108.62 16108.14 16108.57
5 0 9.94 9.94 9.94 9.94 17247.72 17248.16 17247.09 17248.05

6 30 9.94 9.94 9.94 9.94 80102554.08 80102554.08 80102554.08 80102554.08
6 29 9.94 9.94 9.94 9.94 80078363.67 80078363.67 80078363.67 80078363.67
6 28 9.94 9.94 9.94 9.94 80030141.07 80030141.07 80030141.07 80030141.07
6 27 9.94 9.94 9.94 9.94 79934097.69 79934097.69 79934097.69 79934097.69
6 26 9.94 9.94 9.94 9.94 79428583.27 79428583.27 79428583.27 79428583.27
6 25 9.94 9.94 9.94 9.94 79051804.02 79051804.02 79051804.02 79051804.02
6 24 9.94 9.94 9.94 9.94 78310611.95 78310611.95 78310611.95 78310611.95
6 23 9.94 9.94 9.94 9.94 76872508.83 76872508.83 76872508.83 76872508.83
6 22 9.94 9.94 9.94 9.94 74155368.89 74155368.89 74155368.89 74155368.89
6 21 9.94 9.94 9.94 9.94 69544456.17 69544456.17 69544456.17 69544456.17
6 20 9.94 9.94 9.94 9.94 60983076.81 60983076.81 60983076.81 60983076.81
6 19 9.94 9.94 9.94 9.94 49507343.89 49507343.89 49507343.89 49507343.89
6 18 9.94 9.94 9.94 9.94 35818660.21 35818660.21 35818660.21 35818660.21
6 17 9.94 9.94 9.94 9.94 23132919.33 23132919.33 23132919.33 23132919.33
6 16 9.94 9.94 9.94 9.94 13549996.01 13549996.01 13549996.01 13549996.01
6 15 9.94 9.94 9.94 9.94 7404735.54 7404735.54 7404735.54 7404735.54
6 14 9.94 9.94 9.94 9.94 3863821.28 3863821.28 3863821.28 3863821.28
6 13 9.94 9.94 9.94 9.94 1977882.72 1977882.72 1977882.72 1977882.72
6 12 9.94 9.94 9.94 9.94 997400.73 997400.73 997400.72 997400.73
6 11 9.94 9.94 9.94 9.94 498234.77 498234.79 498234.75 498234.79
6 10 9.94 9.94 9.94 9.94 246706.97 246706.98 246706.95 246706.98
6 9 9.94 9.94 9.94 9.94 120674.82 120674.83 120674.81 120674.83
6 8 9.94 9.94 9.94 9.94 57714.77 57714.78 57714.76 57714.77
6 7 9.94 9.94 9.94 9.94 26482.63 26482.63 26482.63 26482.63
6 6 9.94 9.94 9.94 9.94 14917.66 14917.66 14917.66 14917.66
6 5 9.94 9.94 9.94 9.94 15079.47 15079.48 15079.46 15079.48
6 4 9.94 9.94 9.94 9.94 14892.96 14892.98 14892.92 14892.97
6 3 9.94 9.94 9.94 9.94 14777.91 14777.95 14777.85 14777.94
6 2 9.94 9.94 9.94 9.94 14818.76 14818.85 14818.64 14818.83
6 1 9.94 9.94 9.94 9.94 15122.07 15122.26 15121.80 15122.21
6 0 9.94 9.94 9.94 9.94 16053.17 16053.58 16052.56 16053.48

7 30 9.94 9.94 9.94 9.94 45070260.53 45070260.53 45070260.53 45070260.53
7 29 9.94 9.94 9.94 9.94 45056649.62 45056649.62 45056649.62 45056649.62
7 28 9.94 9.94 9.94 9.94 44973053.48 44973053.48 44973053.48 44973053.48
7 27 9.94 9.94 9.94 9.94 44975477.36 44975477.36 44975477.36 44975477.36
7 26 9.94 9.94 9.94 9.94 44644258.93 44644258.93 44644258.93 44644258.93
7 25 9.94 9.94 9.94 9.94 44267612.75 44267612.75 44267612.75 44267612.75
7 24 9.94 9.94 9.94 9.94 43961238.88 43961238.88 43961238.88 43961238.88
7 23 9.94 9.94 9.94 9.94 42994199.36 42994199.36 42994199.36 42994199.36
7 22 9.94 9.94 9.94 9.94 41372745.81 41372745.81 41372745.81 41372745.81
7 21 9.94 9.94 9.94 9.94 38552791.04 38552791.04 38552791.04 38552791.04
7 20 9.94 9.94 9.94 9.94 34032461.98 34032461.98 34032461.98 34032461.98
7 19 9.94 9.94 9.94 9.94 27478248.91 27478248.91 27478248.91 27478248.91
7 18 9.94 9.94 9.94 9.94 19805360.28 19805360.28 19805360.28 19805360.28
7 17 9.94 9.94 9.94 9.94 12728126.68 12728126.68 12728126.68 12728126.68
7 16 9.94 9.94 9.94 9.94 7393349.30 7393349.30 7393349.30 7393349.30
7 15 9.94 9.94 9.94 9.94 3993667.60 3993667.60 3993667.60 3993667.60
7 14 9.94 9.94 9.94 9.94 2054034.06 2054034.06 2054034.06 2054034.06
7 13 9.94 9.94 9.94 9.94 1022696.58 1022696.58 1022696.57 1022696.58
7 12 9.94 9.94 9.94 9.94 493335.08 493335.08 493335.08 493335.08
7 11 9.94 9.94 9.94 9.94 226482.61 226482.61 226482.61 226482.61
7 10 9.94 9.94 9.94 9.94 92461.53 92461.53 92461.53 92461.53
7 9 9.94 9.94 9.94 9.94 23479.59 23479.59 23479.59 23479.59
7 8 9.94 9.94 9.94 9.94 1703.62 1703.62 1703.62 1703.62
7 7 9.93 9.93 9.93 9.93 268.75 268.75 268.75 268.75
7 6 9.68 9.68 9.68 9.68 42.68 42.68 42.68 42.68
7 5 9.94 9.94 9.94 9.94 13207.37 13207.38 13207.35 13207.37
7 4 9.94 9.94 9.94 9.94 13931.34 13931.36 13931.31 13931.35
7 3 9.94 9.94 9.94 9.94 14072.15 14072.19 14072.09 14072.18
7 2 9.94 9.94 9.94 9.94 14168.67 14168.75 14168.54 14168.73
7 1 9.94 9.94 9.94 9.94 14392.47 14392.65 14392.21 14392.61
7 0 9.94 9.94 9.94 9.94 15090.15 15090.55 15089.55 15090.46

8 30 9.94 9.94 9.94 9.94 24372635.69 24372635.69 24372635.69 24372635.69
8 29 9.94 9.94 9.94 9.94 24320642.07 24320642.07 24320642.07 24320642.07
8 28 9.94 9.94 9.94 9.94 24270487.21 24270487.21 24270487.21 24270487.21
8 27 9.94 9.94 9.94 9.94 24179666.27 24179666.27 24179666.27 24179666.27
8 26 9.94 9.94 9.94 9.94 24060827.22 24060827.22 24060827.22 24060827.22
8 25 9.94 9.94 9.94 9.94 23869208.06 23869208.06 23869208.06 23869208.06
8 24 9.94 9.94 9.94 9.94 23560991.61 23560991.61 23560991.61 23560991.61
8 23 9.94 9.94 9.94 9.94 22957143.12 22957143.12 22957143.12 22957143.12
8 22 9.94 9.94 9.94 9.94 21976586.28 21976586.28 21976586.28 21976586.28
8 21 9.94 9.94 9.94 9.94 20332882.97 20332882.97 20332882.97 20332882.97
8 20 9.94 9.94 9.94 9.94 17708359.85 17708359.85 17708359.85 17708359.85
8 19 9.94 9.94 9.94 9.94 14106767.75 14106767.75 14106767.75 14106767.75
8 18 9.94 9.94 9.94 9.94 10005268.60 10005268.60 10005268.60 10005268.60
8 17 9.94 9.94 9.94 9.94 6249262.38 6249262.38 6249262.38 6249262.38
8 16 9.94 9.94 9.94 9.94 3479360.53 3479360.53 3479360.53 3479360.53
8 15 9.94 9.94 9.94 9.94 1758681.45 1758681.45 1758681.45 1758681.45
8 14 9.94 9.94 9.94 9.94 806477.00 806477.00 806477.00 806477.00
8 13 9.94 9.94 9.94 9.94 313432.81 313432.81 313432.81 313432.81
8 12 9.94 9.94 9.94 9.94 45477.17 45477.17 45477.17 45477.17
8 11 9.94 9.94 9.94 9.94 11593.88 11593.88 11593.88 11593.88
8 10 9.94 9.94 9.94 9.94 3319.55 3319.55 3319.55 3319.55
8 9 9.94 9.94 9.94 9.94 887.57 887.57 887.57 887.57
8 8 9.93 9.93 9.93 9.93 220.39 220.39 220.39 220.39
8 7 9.68 9.68 9.68 9.68 43.06 43.06 43.06 43.06
8 6 7.93 7.93 7.93 7.93 13.24 13.24 13.24 13.24
8 5 9.94 9.94 9.94 9.94 12649.09 12649.10 12649.07 12649.09
8 4 9.94 9.94 9.94 9.94 13437.66 13437.68 13437.64 13437.68
8 3 9.94 9.94 9.94 9.94 13623.29 13623.33 13623.23 13623.32
8 2 9.94 9.94 9.94 9.94 13687.03 13687.11 13686.91 13687.09
8 1 9.94 9.94 9.94 9.94 13781.80 13781.98 13781.54 13781.94
8 0 9.94 9.94 9.94 9.94 14220.74 14221.09 14220.23 14221.01

9 30 9.94 9.94 9.94 9.94 10609839.11 10609839.11 10609839.11 10609839.11
9 29 9.94 9.94 9.94 9.94 10544421.18 10544421.18 10544421.18 10544421.18
9 28 9.94 9.94 9.94 9.94 10457082.55 10457082.55 10457082.55 10457082.55
9 27 9.94 9.94 9.94 9.94 10333121.56 10333121.56 10333121.56 10333121.56
9 26 9.94 9.94 9.94 9.94 10171097.73 10171097.73 10171097.73 10171097.73
9 25 9.94 9.94 9.94 9.94 9935402.88 9935402.88 9935402.88 9935402.88
9 24 9.94 9.94 9.94 9.94 9613595.41 9613595.41 9613595.41 9613595.41
9 23 9.94 9.94 9.94 9.94 9126122.17 9126122.17 9126122.17 9126122.17
9 22 9.94 9.94 9.94 9.94 8430121.53 8430121.53 8430121.53 8430121.53
9 21 9.94 9.94 9.94 9.94 7373667.88 7373667.88 7373667.88 7373667.88
9 20 9.94 9.94 9.94 9.94 5851822.26 5851822.26 5851822.26 5851822.26
9 19 9.94 9.94 9.94 9.94 3554096.47 3554096.47 3554096.47 3554096.47
9 18 9.94 9.94 9.94 9.94 1536410.71 1536410.71 1536410.71 1536410.71
9 17 9.94 9.94 9.94 9.94 697416.65 697416.65 697416.65 697416.65
9 16 9.94 9.94 9.94 9.94 309841.84 309841.84 309841.84 309841.84
9 15 9.94 9.94 9.94 9.94 132012.93 132012.93 132012.93 132012.93
9 14 9.94 9.94 9.94 9.94 53834.44 53834.44 53834.44 53834.44
9 13 9.94 9.94 9.94 9.94 20864.44 20864.44 20864.44 20864.44
9 12 9.94 9.94 9.94 9.94 7537.04 7537.04 7537.04 7537.04
9 11 9.94 9.94 9.94 9.94 2465.36 2465.36 2465.36 2465.36
9 10 9.94 9.94 9.94 9.94 734.90 734.90 734.90 734.90
9 9 9.92 9.92 9.92 9.92 193.82 193.82 193.82 193.82
9 8 9.75 9.75 9.75 9.75 51.09 51.09 51.09 51.09
9 7 7.81 7.81 7.81 7.81 12.70 12.70 12.70 12.70
9 6 5.24 5.24 5.24 5.24 6.20 6.20 6.20 6.20
9 5 9.94 9.94 9.94 9.94 12426.87 12426.88 12426.85 12426.88
9 4 9.94 9.94 9.94 9.94 13135.22 13135.24 13135.19 13135.24
9 3 9.94 9.94 9.94 9.94 13296.34 13296.38 13296.28 13296.37
9 2 9.94 9.94 9.94 9.94 13283.85 13283.94 13283.73 13283.92
9 1 9.94 9.94 9.94 9.94 13210.58 13210.76 13210.33 13210.72
9 0 9.94 9.94 9.94 9.94 13354.72 13355.00 13354.30 13354.93

10 30 9.94 9.94 9.94 9.94 1093781.34 1093781.34 1093781.34 1093781.34
10 29 9.94 9.94 9.94 9.94 1081986.20 1081986.20 1081986.20 1081986.20
10 28 9.94 9.94 9.94 9.94 1067279.93 1067279.93 1067279.93 1067279.93
10 27 9.94 9.94 9.94 9.94 1048847.01 1048847.01 1048847.01 1048847.01
10 26 9.94 9.94 9.94 9.94 1025624.27 1025624.27 1025624.27 1025624.27
10 25 9.94 9.94 9.94 9.94 995917.08 995917.08 995917.08 995917.08
10 24 9.94 9.94 9.94 9.94 957261.79 957261.79 957261.79 957261.79
10 23 9.94 9.94 9.94 9.94 905734.35 905734.35 905734.35 905734.35
10 22 9.94 9.94 9.94 9.94 835521.38 835521.38 835521.38 835521.38
10 21 9.94 9.94 9.94 9.94 739383.91 739383.91 739383.91 739383.91
10 20 9.94 9.94 9.94 9.94 612182.92 612182.92 612182.92 612182.92
10 19 9.94 9.94 9.94 9.94 459317.46 459317.46 459317.46 459317.46
10 18 9.94 9.94 9.94 9.94 303548.08 303548.08 303548.08 303548.08
10 17 9.94 9.94 9.94 9.94 174923.38 174923.38 174923.38 174923.38
10 16 9.94 9.94 9.94 9.94 88921.55 88921.55 88921.55 88921.55
10 15 9.94 9.94 9.94 9.94 40667.11 40667.11 40667.11 40667.11
10 14 9.94 9.94 9.94 9.94 16931.75 16931.75 16931.75 16931.75
10 13 9.94 9.94 9.94 9.94 6400.06 6400.06 6400.06 6400.06
10 12 9.94 9.94 9.94 9.94 2164.31 2164.31 2164.31 2164.31
10 11 9.94 9.94 9.94 9.94 671.44 671.44 671.44 671.44
10 10 9.92 9.92 9.92 9.92 189.33 189.33 189.33 189.33
10 9 9.75 9.75 9.75 9.75 50.19 50.19 50.19 50.19
10 8 8.26 8.26 8.26 8.26 14.93 14.93 14.93 14.93
10 7 4.76 4.76 4.76 4.76 5.46 5.46 5.46 5.46
10 6 7.99 7.99 7.99 7.99 13.50 13.50 13.50 13.50
10 5 9.94 9.94 9.94 9.94 12306.10 12306.11 12306.09 12306.11
10 4 9.94 9.94 9.94 9.94 12920.89 12920.91 12920.87 12920.91
10 3 9.94 9.94 9.94 9.94 13027.44 13027.48 13027.38 13027.47
10 2 9.94 9.94 9.94 9.94 12907.52 12907.60 12907.40 12907.58
10 1 9.94 9.94 9.94 9.94 12624.08 12624.26 12623.83 12624.22
10 0 9.94 9.94 9.94 9.94 12423.90 12424.13 12423.57 12424.07

11 30 9.94 9.94 9.94 9.94 422669.14 422669.14 422669.14 422669.14
11 29 9.94 9.94 9.94 9.94 419217.23 419217.23 419217.23 419217.23
11 28 9.94 9.94 9.94 9.94 414827.82 414827.82 414827.82 414827.82
11 27 9.94 9.94 9.94 9.94 409189.63 409189.63 409189.63 409189.63
11 26 9.94 9.94 9.94 9.94 401861.38 401861.38 401861.38 401861.38
11 25 9.94 9.94 9.94 9.94 392145.22 392145.22 392145.22 392145.22
11 24 9.94 9.94 9.94 9.94 378956.54 378956.54 378956.54 378956.54
11 23 9.94 9.94 9.94 9.94 360575.07 360575.07 360575.07 360575.07
11 22 9.94 9.94 9.94 9.94 334443.05 334443.05 334443.05 334443.05
11 21 9.94 9.94 9.94 9.94 297316.07 297316.07 297316.07 297316.07
11 20 9.94 9.94 9.94 9.94 246824.31 246824.31 246824.31 246824.31
11 19 9.94 9.94 9.94 9.94 185050.41 185050.41 185050.41 185050.41
11 18 9.94 9.94 9.94 9.94 121522.26 121522.26 121522.26 121522.26
11 17 9.94 9.94 9.94 9.94 68998.29 68998.29 68998.29 68998.29
11 16 9.94 9.94 9.94 9.94 34136.03 34136.03 34136.03 34136.03
11 15 9.94 9.94 9.94 9.94 14938.65 14938.65 14938.65 14938.65
11 14 9.94 9.94 9.94 9.94 5823.71 5823.71 5823.71 5823.71
11 13 9.94 9.94 9.94 9.94 2106.93 2106.93 2106.93 2106.93
11 12 9.94 9.94 9.94 9.94 663.88 663.88 663.88 663.88
11 11 9.92 9.92 9.92 9.92 183.92 183.92 183.92 183.92
11 10 9.72 9.72 9.72 9.72 46.95 46.95 46.95 46.95
11 9 8.35 8.35 8.35 8.35 15.46 15.46 15.46 15.46
11 8 4.98 4.98 4.98 4.98 5.78 5.78 5.78 5.78
11 7 2.93 2.93 2.93 2.93 3.08 3.08 3.08 3.08
11 6 7.56 7.56 7.56 7.56 11.70 11.70 11.70 11.70
11 5 9.94 9.94 9.94 9.94 12222.00 12222.01 12221.99 12222.01
11 4 9.94 9.94 9.94 9.94 12748.50 12748.52 12748.47 12748.52
11 3 9.94 9.94 9.94 9.94 12781.04 12781.08 12780.98 12781.07
11 2 9.94 9.94 9.94 9.94 12522.81 12522.90 12522.69 12522.88
11 1 9.94 9.94 9.94 9.94 11976.90 11977.08 11976.65 11977.03
11 0 9.94 9.94 9.94 9.94 11369.10 11369.28 11368.84 11369.24

12 30 9.94 9.94 9.94 9.94 197913.04 197913.04 197913.04 197913.04
12 29 9.94 9.94 9.94 9.94 196070.33 196070.33 196070.33 196070.33
12 28 9.94 9.94 9.94 9.94 193726.12 193726.12 193726.12 193726.12
12 27 9.94 9.94 9.94 9.94 190723.19 190723.19 190723.19 190723.19
12 26 9.94 9.94 9.94 9.94 186830.12 186830.12 186830.12 186830.12
12 25 9.94 9.94 9.94 9.94 181704.42 181704.42 181704.42 181704.42
12 24 9.94 9.94 9.94 9.94 174816.04 174816.04 174816.04 174816.04
12 23 9.94 9.94 9.94 9.94 165354.92 165354.92 165354.92 165354.92
12 22 9.94 9.94 9.94 9.94 152151.23 152151.23 152151.23 152151.23
12 21 9.94 9.94 9.94 9.94 133806.82 133806.82 133806.82 133806.82
12 20 9.94 9.94 9.94 9.94 109453.97 109453.97 109453.97 109453.97
12 19 9.94 9.94 9.94 9.94 80413.01 80413.01 80413.01 80413.01
12 18 9.94 9.94 9.94 9.94 51351.05 51351.05 51351.05 51351.05
12 17 9.94 9.94 9.94 9.94 28053.26 28053.26 28053.26 28053.26
12 16 9.94 9.94 9.94 9.94 13162.35 13162.35 13162.35 13162.35
12 15 9.94 9.94 9.94 9.94 5359.09 5359.09 5359.09 5359.09
12 14 9.94 9.94 9.94 9.94 1996.41 1996.41 1996.41 1996.41
12 13 9.94 9.94 9.94 9.94 602.95 602.95 602.95 602.95
12 12 9.92 9.92 9.92 9.92 171.98 171.98 171.98 171.98
12 11 9.74 9.74 9.74 9.74 48.81 48.81 48.81 48.81
12 10 8.23 8.23 8.23 8.23 14.74 14.73 14.73 14.73
12 9 4.89 4.89 4.89 4.89 5.65 5.65 5.65 5.65
12 8 2.86 2.86 2.86 2.86 3.00 3.00 3.00 3.00
12 7 2.17 2.17 2.17 2.17 2.23 2.23 2.23 2.23
12 6 9.94 9.94 9.94 9.94 6562.97 6562.97 6562.97 6562.97
12 5 9.94 9.94 9.94 9.94 12151.20 12151.21 12151.19 12151.20
12 4 9.94 9.94 9.94 9.94 12593.53 12593.55 12593.50 12593.54
12 3 9.94 9.94 9.94 9.94 12533.80 12533.84 12533.75 12533.83
12 2 9.94 9.94 9.94 9.94 12101.14 12101.22 12101.02 12101.20
12 1 9.94 9.94 9.94 9.94 11224.22 11224.39 11223.96 11224.35
12 0 9.94 9.94 9.94 9.94 10135.88 10136.01 10135.68 10135.98

13 30 9.94 9.94 9.94 9.94 96613.60 96613.60 96613.60 96613.60
13 29 9.94 9.94 9.94 9.94 95494.20 95494.20 95494.20 95494.20
13 28 9.94 9.94 9.94 9.94 94077.31 94077.31 94077.31 94077.31
13 27 9.94 9.94 9.94 9.94 92274.44 92274.44 92274.44 92274.44
13 26 9.94 9.94 9.94 9.94 89961.71 89961.71 89961.71 89961.71
13 25 9.94 9.94 9.94 9.94 86960.88 86960.88 86960.88 86960.88
13 24 9.94 9.94 9.94 9.94 83008.92 83008.92 83008.92 83008.92
13 23 9.94 9.94 9.94 9.94 77721.46 77721.46 77721.46 77721.46
13 22 9.94 9.94 9.94 9.94 70574.74 70574.74 70574.74 70574.74
13 21 9.94 9.94 9.94 9.94 60999.30 60999.30 60999.30 60999.30
13 20 9.94 9.94 9.94 9.94 48770.63 48770.63 48770.63 48770.63
13 19 9.94 9.94 9.94 9.94 34760.81 34760.81 34760.81 34760.81
13 18 9.94 9.94 9.94 9.94 21316.83 21316.83 21316.83 21316.83
13 17 9.94 9.94 9.94 9.94 11028.37 11028.37 11028.37 11028.37
13 16 9.94 9.94 9.94 9.94 4808.46 4808.46 4808.46 4808.46
13 15 9.94 9.94 9.94 9.94 1898.58 1898.58 1898.58 1898.58
13 14 9.94 9.94 9.94 9.94 646.55 646.55 646.55 646.55
13 13 9.92 9.92 9.92 9.92 181.94 181.94 181.94 181.94
13 12 9.72 9.72 9.72 9.72 47.22 47.22 47.22 47.22
13 11 8.16 8.15 8.15 8.15 14.34 14.34 14.34 14.34
13 10 4.73 4.73 4.73 4.73 5.40 5.40 5.40 5.40
13 9 2.77 2.77 2.77 2.77 2.90 2.90 2.90 2.90
13 8 1.98 1.98 1.98 1.98 2.03 2.03 2.03 2.03
13 7 1.81 1.81 1.81 1.81 1.85 1.85 1.85 1.85
13 6 9.94 9.94 9.94 9.94 8349.53 8349.53 8349.53 8349.53
13 5 9.94 9.94 9.94 9.94 12082.71 12082.71 12082.71 12082.71
13 4 9.94 9.94 9.94 9.94 12440.68 12440.70 12440.65 12440.70
13 3 9.94 9.94 9.94 9.94 12267.78 12267.82 12267.73 12267.81
13 2 9.94 9.94 9.94 9.94 11615.20 11615.28 11615.08 11615.26
13 1 9.94 9.94 9.94 9.94 10314.47 10314.62 10314.24 10314.59
13 0 9.94 9.94 9.94 9.94 8684.63 8684.73 8684.49 8684.71

14 30 9.94 9.94 9.94 9.94 47620.67 47620.67 47620.67 47620.67
14 29 9.94 9.94 9.94 9.94 46922.24 46922.24 46922.24 46922.24
14 28 9.94 9.94 9.94 9.94 46043.19 46043.19 46043.19 46043.19
14 27 9.94 9.94 9.94 9.94 44933.64 44933.64 44933.64 44933.64
14 26 9.94 9.94 9.94 9.94 43526.56 43526.56 43526.56 43526.56
14 25 9.94 9.94 9.94 9.94 41729.64 41729.64 41729.64 41729.64
14 24 9.94 9.94 9.94 9.94 39414.06 39414.06 39414.06 39414.06
14 23 9.94 9.94 9.94 9.94 36402.92 36402.92 36402.92 36402.92
14 22 9.94 9.94 9.94 9.94 32474.56 32474.56 32474.56 32474.56
14 21 9.94 9.94 9.94 9.94 27425.22 27425.22 27425.22 27425.22
14 20 9.94 9.94 9.94 9.94 21267.44 21267.44 21267.44 21267.44
14 19 9.94 9.94 9.94 9.94 15387.27 15387.27 15387.27 15387.27
14 18 9.94 9.94 9.94 9.94 9108.12 9108.12 9108.12 9108.12
14 17 9.94 9.94 9.94 9.94 4463.57 4463.57 4463.57 4463.57
14 16 9.94 9.94 9.94 9.94 1797.69 1797.69 1797.69 1797.69
14 15 9.94 9.94 9.94 9.94 610.26 610.26 610.26 610.26
14 14 9.92 9.92 9.92 9.92 174.47 174.47 174.47 174.47
14 13 9.70 9.70 9.70 9.70 44.94 44.94 44.94 44.94
14 12 8.00 8.00 8.00 8.00 13.54 13.54 13.54 13.54
14 11 4.66 4.66 4.66 4.66 5.31 5.31 5.31 5.31
14 10 2.62 2.62 2.62 2.62 2.73 2.72 2.72 2.72
14 9 1.88 1.89 1.88 1.89 1.93 1.93 1.93 1.93
14 8 1.59 1.59 1.59 1.59 1.61 1.61 1.61 1.61
14 7 1.62 1.62 1.62 1.62 1.65 1.65 1.65 1.65
14 6 9.94 9.94 9.94 9.94 9028.40 9028.40 9028.40 9028.40
14 5 9.94 9.94 9.94 9.94 12010.14 12010.14 12010.14 12010.14
14 4 9.94 9.94 9.94 9.94 12278.85 12278.86 12278.82 12278.86
14 3 9.94 9.94 9.94 9.94 11966.99 11967.03 11966.93 11967.02
14 2 9.94 9.94 9.94 9.94 11035.28 11035.36 11035.16 11035.34
14 1 9.94 9.94 9.94 9.94 9181.03 9181.14 9180.85 9181.11
14 0 9.94 9.94 9.94 9.94 7042.42 7042.49 7042.33 7042.47

15 30 9.94 9.94 9.94 9.94 23480.22 23480.22 23480.22 23480.22
15 29 9.94 9.94 9.94 9.94 23043.92 23043.92 23043.92 23043.92
15 28 9.94 9.94 9.94 9.94 22498.06 22498.06 22498.06 22498.06
15 27 9.94 9.94 9.94 9.94 21814.77 21814.77 21814.77 21814.77
15 26 9.94 9.94 9.94 9.94 20958.17 20958.17 20958.17 20958.17
15 25 9.94 9.94 9.94 9.94 19881.56 19881.56 19881.56 19881.56
15 24 9.94 9.94 9.94 9.94 19948.70 19948.70 19948.70 19948.70
15 23 9.94 9.94 9.94 9.94 18176.51 18176.51 18176.51 18176.51
15 22 9.94 9.94 9.94 9.94 15822.44 15822.44 15822.44 15822.44
15 21 9.94 9.94 9.94 9.94 13031.48 13031.48 13031.48 13031.48
15 20 9.94 9.94 9.94 9.94 9692.59 9692.59 9692.59 9692.59
15 19 9.94 9.94 9.94 9.94 6361.93 6361.93 6361.93 6361.93
15 18 9.94 9.94 9.94 9.94 3602.62 3602.62 3602.62 3602.62
15 17 9.94 9.94 9.94 9.94 1585.17 1585.17 1585.17 1585.17
15 16 9.94 9.94 9.94 9.94 553.62 553.62 553.62 553.62
15 15 9.92 9.92 9.92 9.92 163.95 163.95 163.95 163.95
15 14 9.67 9.67 9.67 9.67 42.42 42.42 42.42 42.42
15 13 7.70 7.70 7.70 7.70 12.23 12.23 12.23 12.23
15 12 4.39 4.39 4.39 4.39 4.92 4.92 4.92 4.92
15 11 2.53 2.53 2.53 2.53 2.63 2.63 2.63 2.63
15 10 1.77 1.77 1.77 1.77 1.81 1.81 1.81 1.81
15 9 1.49 1.49 1.49 1.49 1.52 1.52 1.52 1.52
15 8 1.40 1.40 1.40 1.40 1.42 1.42 1.42 1.42
15 7 1.50 1.50 1.50 1.50 1.52 1.52 1.52 1.52
15 6 9.94 9.94 9.94 9.94 9395.98 9395.98 9395.98 9395.98
15 5 9.94 9.94 9.94 9.94 11928.87 11928.88 11928.87 11928.87
15 4 9.94 9.94 9.94 9.94 12098.78 12098.80 12098.76 12098.80
15 3 9.94 9.94 9.94 9.94 11615.52 11615.56 11615.46 11615.55
15 2 9.94 9.94 9.94 9.94 10325.31 10325.40 10325.19 10325.38
15 1 9.94 9.94 9.94 9.94 7727.32 7727.40 7727.20 7727.38
15 0 9.94 9.94 9.94 9.94 5436.74 5436.78 5436.68 5436.77

16 30 9.94 9.94 9.94 9.94 12402.05 12402.05 12402.05 12402.05
16 29 9.94 9.94 9.94 9.94 12107.06 12107.06 12107.06 12107.06
16 28 9.94 9.94 9.94 9.94 11740.76 11740.76 11740.76 11740.76
16 27 9.94 9.94 9.94 9.94 11425.98 11425.98 11425.98 11425.98
16 26 9.94 9.94 9.94 9.94 10921.86 10921.86 10921.86 10921.86
16 25 9.94 9.94 9.94 9.94 10593.11 10593.11 10593.11 10593.11
16 24 9.94 9.94 9.94 9.94 9346.96 9346.96 9346.96 9346.96
16 23 9.94 9.94 9.94 9.94 8232.65 8232.65 8232.65 8232.65
16 22 9.94 9.94 9.94 9.94 6999.28 6999.28 6999.28 6999.28
16 21 9.94 9.94 9.94 9.94 5547.49 5547.49 5547.49 5547.49
16 20 9.94 9.94 9.94 9.94 4049.44 4049.44 4049.44 4049.44
16 19 9.94 9.94 9.94 9.94 2475.90 2475.90 2475.90 2475.90
16 18 9.94 9.94 9.94 9.94 1221.71 1221.71 1221.71 1221.71
16 17 9.94 9.94 9.94 9.94 469.90 469.90 469.90 469.90
16 16 9.91 9.91 9.91 9.91 143.18 143.18 143.18 143.18
16 15 9.63 9.63 9.63 9.63 39.53 39.53 39.53 39.53
16 14 7.40 7.40 7.40 7.40 11.13 11.13 11.13 11.13
16 13 4.01 4.01 4.01 4.01 4.41 4.41 4.41 4.41
16 12 2.33 2.33 2.33 2.33 2.41 2.41 2.41 2.41
16 11 1.72 1.72 1.72 1.72 1.76 1.76 1.76 1.76
16 10 1.40 1.40 1.40 1.40 1.42 1.42 1.42 1.42
16 9 1.29 1.29 1.29 1.29 1.31 1.31 1.31 1.31
16 8 1.29 1.29 1.29 1.29 1.31 1.31 1.31 1.31
16 7 1.42 1.42 1.42 1.42 1.44 1.44 1.44 1.44
16 6 9.94 9.94 9.94 9.94 9611.44 9611.45 9611.45 9611.45
16 5 9.94 9.94 9.94 9.94 11835.03 11835.03 11835.03 11835.03
16 4 9.94 9.94 9.94 9.94 11892.02 11892.04 11891.99 11892.04
16 3 9.94 9.94 9.94 9.94 11196.21 11196.25 11196.16 11196.24
16 2 9.94 9.94 9.94 9.94 9436.47 9436.55 9436.35 9436.54
16 1 9.94 9.94 9.94 9.94 5803.47 5803.52 5803.41 5803.51
16 0 9.94 9.94 9.94 9.94 4257.34 4257.36 4257.30 4257.36

17 30 9.94 9.94 9.94 9.94 6535.37 6535.37 6535.37 6535.37
17 29 9.94 9.94 9.94 9.94 6288.69 6288.69 6288.69 6288.69
17 28 9.94 9.94 9.94 9.94 6048.96 6048.96 6048.96 6048.96
17 27 9.94 9.94 9.94 9.94 5668.23 5668.23 5668.23 5668.23
17 26 9.94 9.94 9.94 9.94 5314.58 5314.58 5314.58 5314.58
17 25 9.94 9.94 9.94 9.94 4885.65 4885.65 4885.65 4885.65
17 24 9.94 9.94 9.94 9.94 4364.83 4364.83 4364.83 4364.83
17 23 9.94 9.94 9.94 9.94 3627.94 3627.94 3627.94 3627.94
17 22 9.94 9.94 9.94 9.94 2946.75 2946.75 2946.75 2946.75
17 21 9.94 9.94 9.94 9.94 2309.41 2309.41 2309.41 2309.41
17 20 9.94 9.94 9.94 9.94 1525.62 1525.62 1525.62 1525.62
17 19 9.94 9.94 9.94 9.94 840.13 840.13 840.13 840.13
17 18 9.93 9.93 9.93 9.93 361.92 361.92 361.92 361.92
17 17 9.90 9.90 9.90 9.90 121.07 121.07 121.07 121.07
17 16 9.54 9.54 9.54 9.54 34.04 34.04 34.04 34.04
17 15 7.11 7.11 7.11 7.11 10.24 10.24 10.24 10.24
17 14 3.67 3.67 3.67 3.67 3.97 3.97 3.97 3.97
17 13 2.17 2.17 2.17 2.17 2.23 2.23 2.23 2.23
17 12 1.62 1.62 1.62 1.62 1.65 1.65 1.65 1.65
17 11 1.37 1.37 1.37 1.37 1.39 1.39 1.39 1.39
17 10 1.21 1.21 1.21 1.21 1.23 1.23 1.23 1.23
17 9 1.17 1.17 1.17 1.17 1.19 1.19 1.19 1.19
17 8 1.22 1.22 1.22 1.22 1.23 1.23 1.23 1.23
17 7 1.35 1.35 1.35 1.35 1.37 1.37 1.37 1.37
17 6 9.94 9.94 9.94 9.94 9737.06 9737.06 9737.06 9737.06
17 5 9.94 9.94 9.94 9.94 11725.07 11725.07 11725.07 11725.07
17 4 9.94 9.94 9.94 9.94 11650.29 11650.31 11650.27 11650.31
17 3 9.94 9.94 9.94 9.94 10689.44 10689.48 10689.38 10689.47
17 2 9.94 9.94 9.94 9.94 8291.99 8292.07 8291.87 8292.05
17 1 9.94 9.94 9.94 9.94 3466.18 3466.19 3466.15 3466.19
17 0 9.94 9.94 9.94 9.94 3578.59 3578.61 3578.55 3578.60

18 30 9.94 9.94 9.94 9.94 3171.10 3171.10 3171.10 3171.10
18 29 9.94 9.94 9.94 9.94 3051.51 3051.51 3051.51 3051.51
18 28 9.94 9.94 9.94 9.94 2882.13 2882.13 2882.13 2882.13
18 27 9.94 9.94 9.94 9.94 2685.48 2685.48 2685.48 2685.48
18 26 9.94 9.94 9.94 9.94 2475.08 2475.08 2475.08 2475.08
18 25 9.94 9.94 9.94 9.94 2205.98 2205.98 2205.98 2205.98
18 24 9.94 9.94 9.94 9.94 1914.09 1914.09 1914.09 1914.09
18 23 9.94 9.94 9.94 9.94 1570.61 1570.61 1570.61 1570.61
18 22 9.94 9.94 9.94 9.94 1225.99 1225.99 1225.99 1225.99
18 21 9.94 9.94 9.94 9.94 855.23 855.23 855.23 855.23
18 20 9.94 9.94 9.94 9.94 513.98 513.98 513.98 513.98
18 19 9.93 9.93 9.93 9.93 248.97 248.97 248.97 248.97
18 18 9.88 9.88 9.88 9.88 93.34 93.34 93.34 93.34
18 17 9.39 9.39 9.39 9.39 28.74 28.74 28.74 28.74
18 16 6.54 6.54 6.54 6.54 8.72 8.72 8.72 8.72
18 15 3.24 3.24 3.24 3.24 3.44 3.44 3.44 3.44
18 14 1.96 1.96 1.96 1.96 2.01 2.01 2.01 2.01
18 13 1.49 1.49 1.49 1.49 1.52 1.52 1.52 1.52
18 12 1.28 1.28 1.28 1.28 1.30 1.30 1.30 1.30
18 11 1.17 1.17 1.17 1.17 1.18 1.18 1.18 1.18
18 10 1.11 1.11 1.11 1.11 1.13 1.13 1.13 1.13
18 9 1.10 1.10 1.10 1.10 1.12 1.12 1.12 1.12
18 8 1.18 1.18 1.18 1.18 1.19 1.19 1.19 1.19
18 7 1.32 1.32 1.32 1.32 1.34 1.34 1.34 1.34
18 6 9.94 9.94 9.94 9.94 9803.13 9803.13 9803.13 9803.13
18 5 9.94 9.94 9.94 9.94 11595.64 11595.64 11595.64 11595.64
18 4 9.94 9.94 9.94 9.94 11365.35 11365.37 11365.32 11365.37
18 3 9.94 9.94 9.94 9.94 10071.38 10071.42 10071.32 10071.41
18 2 9.94 9.94 9.94 9.94 6733.26 6733.32 6733.18 6733.31
18 1 9.94 9.94 9.94 9.94 2163.79 2163.80 2163.77 2163.80
18 0 9.94 9.94 9.94 9.94 3210.83 3210.85 3210.80 3210.84

19 30 9.94 9.94 9.94 9.94 1554.50 1554.50 1554.50 1554.50
19 29 9.94 9.94 9.94 9.94 1468.54 1468.54 1468.54 1468.54
19 28 9.94 9.94 9.94 9.94 1368.36 1368.36 1368.36 1368.36
19 27 9.94 9.94 9.94 9.94 1252.76 1252.76 1252.76 1252.76
19 26 9.94 9.94 9.94 9.94 1127.61 1127.61 1127.61 1127.61
19 25 9.94 9.94 9.94 9.94 975.59 975.59 975.59 975.59
19 24 9.94 9.94 9.94 9.94 807.65 807.65 807.65 807.65
19 23 9.94 9.94 9.94 9.94 637.07 637.07 637.07 637.07
19 22 9.93 9.93 9.93 9.93 455.76 455.76 455.76 455.76
19 21 9.93 9.93 9.93 9.93 288.17 288.17 288.17 288.17
19 20 9.92 9.92 9.92 9.92 151.69 151.69 151.69 151.69
19 19 9.82 9.82 9.82 9.82 64.42 64.42 64.42 64.42
19 18 9.07 9.07 9.07 9.07 22.33 22.33 22.33 22.33
19 17 5.94 5.94 5.94 5.94 7.44 7.44 7.44 7.44
19 16 2.77 2.77 2.77 2.77 2.90 2.90 2.90 2.90
19 15 1.73 1.73 1.73 1.73 1.76 1.76 1.76 1.76
19 14 1.38 1.38 1.38 1.38 1.40 1.40 1.40 1.40
19 13 1.20 1.20 1.20 1.20 1.21 1.22 1.22 1.22
19 12 1.11 1.11 1.11 1.11 1.12 1.12 1.12 1.12
19 11 1.06 1.06 1.06 1.06 1.07 1.07 1.07 1.07
19 10 1.05 1.05 1.05 1.05 1.06 1.06 1.06 1.06
19 9 1.05 1.05 1.05 1.05 1.06 1.06 1.06 1.06
19 8 1.14 1.14 1.14 1.14 1.16 1.16 1.16 1.16
19 7 1.29 1.29 1.29 1.29 1.31 1.31 1.31 1.31
19 6 9.94 9.94 9.94 9.94 9826.02 9826.02 9826.02 9826.02
19 5 9.94 9.94 9.94 9.94 11443.72 11443.73 11443.72 11443.72
19 4 9.94 9.94 9.94 9.94 11028.94 11028.96 11028.91 11028.96
19 3 9.94 9.94 9.94 9.94 9310.74 9310.78 9310.68 9310.77
19 2 9.94 9.94 9.94 9.94 4110.84 4110.86 4110.81 4110.86
19 1 9.94 9.94 9.94 9.94 1735.17 1735.18 1735.16 1735.18
19 0 9.94 9.94 9.94 9.94 3005.97 3005.99 3005.95 3005.99

20 30 9.94 9.94 9.94 9.94 736.72 736.72 736.72 736.72
20 29 9.94 9.94 9.94 9.94 692.43 692.43 692.43 692.43
20 28 9.94 9.94 9.94 9.94 629.13 629.13 629.13 629.13
20 27 9.94 9.94 9.94 9.94 567.02 567.02 567.02 567.02
20 26 9.94 9.94 9.94 9.94 491.81 491.81 491.81 491.81
20 25 9.93 9.93 9.93 9.93 412.29 412.29 412.29 412.29
20 24 9.93 9.93 9.93 9.93 325.78 325.78 325.78 325.78
20 23 9.93 9.93 9.93 9.93 237.29 237.29 237.29 237.29
20 22 9.92 9.92 9.92 9.92 154.98 154.98 154.98 154.98
20 21 9.87 9.87 9.87 9.87 86.45 86.45 86.45 86.45
20 20 9.63 9.63 9.63 9.63 39.45 39.45 39.45 39.45
20 19 8.33 8.33 8.33 8.33 15.38 15.38 15.38 15.38
20 18 5.10 5.10 5.10 5.10 5.98 5.98 5.98 5.98
20 17 2.45 2.45 2.45 2.45 2.54 2.54 2.54 2.54
20 16 1.54 1.54 1.54 1.54 1.57 1.57 1.57 1.57
20 15 1.27 1.27 1.27 1.27 1.29 1.29 1.29 1.29
20 14 1.13 1.13 1.13 1.13 1.15 1.15 1.15 1.15
20 13 1.05 1.05 1.05 1.05 1.06 1.07 1.07 1.07
20 12 1.01 1.01 1.01 1.01 1.02 1.02 1.02 1.02
20 11 1.00 1.00 1.00 1.00 1.01 1.01 1.01 1.01
20 10 1.01 1.01 1.01 1.01 1.02 1.02 1.02 1.02
20 9 1.02 1.02 1.02 1.02 1.03 1.03 1.03 1.03
20 8 1.12 1.12 1.12 1.12 1.13 1.13 1.13 1.13
20 7 1.27 1.28 1.28 1.28 1.29 1.29 1.29 1.29
20 6 9.94 9.94 9.94 9.94 9815.57 9815.57 9815.57 9815.57
20 5 9.94 9.94 9.94 9.94 11266.73 11266.73 11266.73 11266.73
20 4 9.94 9.94 9.94 9.94 10632.99 10633.01 10632.96 10633.00
20 3 9.94 9.94 9.94 9.94 8360.19 8360.23 8360.13 8360.22
20 2 9.94 9.94 9.94 9.94 1044.10 1044.11 1044.10 1044.11
20 1 9.94 9.94 9.94 9.94 1553.37 1553.37 1553.36 1553.37
20 0 9.94 9.94 9.94 9.94 2887.34 2887.36 2887.32 2887.35

21 30 9.93 9.93 9.93 9.93 347.86 347.86 347.86 347.86
21 29 9.93 9.93 9.93 9.93 316.19 316.19 316.19 316.19
21 28 9.93 9.93 9.93 9.93 285.21 285.21 285.21 285.21
21 27 9.93 9.93 9.93 9.93 247.75 247.75 247.75 247.75
21 26 9.93 9.93 9.93 9.93 208.29 208.29 208.29 208.29
21 25 9.92 9.92 9.92 9.92 165.48 165.48 165.48 165.48
21 24 9.90 9.90 9.90 9.90 121.80 121.80 121.80 121.80
21 23 9.86 9.86 9.86 9.86 80.60 80.60 80.60 80.60
21 22 9.72 9.72 9.72 9.72 46.65 46.65 46.65 46.65
21 21 9.11 9.11 9.11 9.11 22.96 22.96 22.96 22.96
21 20 7.04 7.04 7.04 7.04 10.03 10.03 10.03 10.03
21 19 4.02 4.02 4.02 4.02 4.42 4.42 4.42 4.42
21 18 2.11 2.11 2.11 2.11 2.17 2.17 2.17 2.17
21 17 1.37 1.37 1.37 1.37 1.39 1.39 1.39 1.39
21 16 1.16 1.16 1.16 1.16 1.18 1.18 1.18 1.18
21 15 1.06 1.06 1.06 1.06 1.07 1.07 1.07 1.07
21 14 1.00 1.00 1.00 1.00 1.01 1.01 1.01 1.01
21 13 0.97 0.97 0.97 0.97 0.98 0.98 0.98 0.98
21 12 0.95 0.95 0.95 0.95 0.96 0.96 0.96 0.96
21 11 0.97 0.97 0.97 0.97 0.98 0.98 0.98 0.98
21 10 0.98 0.98 0.98 0.98 0.99 0.99 0.99 0.99
21 9 1.00 1.00 1.00 1.00 1.01 1.01 1.01 1.01
21 8 1.09 1.09 1.09 1.09 1.11 1.11 1.11 1.11
21 7 1.27 1.27 1.27 1.27 1.29 1.29 1.29 1.29
21 6 9.94 9.94 9.94 9.94 9777.94 9777.94 9777.94 9777.94
21 5 9.94 9.94 9.94 9.94 11062.89 11062.89 11062.89 11062.89
21 4 9.94 9.94 9.94 9.94 10169.77 10169.79 10169.74 10169.79
21 3 9.94 9.94 9.94 9.94 7127.22 7127.26 7127.16 7127.25
21 2 9.94 9.94 9.94 9.94 829.58 829.58 829.57 829.58
21 1 9.94 9.94 9.94 9.94 1461.19 1461.20 1461.18 1461.20
21 0 9.94 9.94 9.94 9.94 2816.07 2816.09 2816.05 2816.09

22 30 9.92 9.92 9.92 9.92 160.43 160.43 160.43 160.43
22 29 9.91 9.91 9.91 9.91 142.59 142.59 142.59 142.59
22 28 9.91 9.91 9.91 9.91 125.05 125.05 125.05 125.05
22 27 9.89 9.89 9.89 9.89 106.14 106.14 106.14 106.14
22 26 9.87 9.87 9.87 9.87 84.04 84.04 84.04 84.04
22 25 9.81 9.81 9.81 9.81 62.33 62.33 62.33 62.33
22 24 9.67 9.67 9.67 9.67 41.84 41.84 41.84 41.84
22 23 9.22 9.22 9.22 9.22 24.90 24.90 24.90 24.90
22 22 7.88 7.88 7.88 7.88 13.00 13.00 13.00 13.00
22 21 5.31 5.31 5.31 5.31 6.32 6.32 6.32 6.32
22 20 3.06 3.06 3.06 3.06 3.23 3.23 3.23 3.23
22 19 1.76 1.76 1.76 1.76 1.80 1.80 1.80 1.80
22 18 1.23 1.23 1.23 1.23 1.25 1.25 1.25 1.25
22 17 1.07 1.07 1.07 1.07 1.08 1.08 1.08 1.08
22 16 1.01 1.01 1.01 1.01 1.02 1.02 1.02 1.02
22 15 0.96 0.96 0.96 0.96 0.97 0.97 0.97 0.97
22 14 0.94 0.94 0.94 0.94 0.94 0.94 0.94 0.94
22 13 0.92 0.92 0.92 0.92 0.93 0.93 0.93 0.93
22 12 0.92 0.92 0.92 0.92 0.93 0.93 0.93 0.93
22 11 0.95 0.95 0.95 0.95 0.95 0.95 0.95 0.95
22 10 0.96 0.96 0.96 0.96 0.97 0.97 0.97 0.97
22 9 0.98 0.98 0.98 0.98 0.99 0.99 0.99 0.99
22 8 1.09 1.09 1.09 1.09 1.10 1.10 1.10 1.10
22 7 1.27 1.27 1.27 1.27 1.29 1.29 1.29 1.29
22 6 9.03 9.03 9.03 9.03 21.71 21.71 21.71 21.71
22 5 9.94 9.94 9.94 9.94 10831.54 10831.54 10831.54 10831.54
22 4 9.94 9.94 9.94 9.94 9632.03 9632.05 9632.00 9632.05
22 3 9.94 9.94 9.94 9.94 5292.38 5292.41 5292.34 5292.40
22 2 9.94 9.94 9.94 9.94 750.46 750.46 750.45 750.46
22 1 9.94 9.94 9.94 9.94 1409.68 1409.68 1409.67 1409.68
22 0 9.94 9.94 9.94 9.94 2771.46 2771.48 2771.44 2771.47

23 30 9.84 9.84 9.84 9.84 72.23 72.23 72.23 72.23
23 29 9.82 9.82 9.82 9.82 63.45 63.45 63.45 63.45
23 28 9.77 9.77 9.77 9.77 54.01 54.01 54.01 54.01
23 27 9.68 9.68 9.68 9.68 42.95 42.95 42.95 42.95
23 26 9.49 9.49 9.49 9.49 32.11 32.11 32.11 32.11
23 25 9.04 9.04 9.04 9.04 21.89 21.89 21.89 21.89
23 24 7.95 7.95 7.95 7.95 13.34 13.34 13.34 13.34
23 23 5.92 5.92 5.92 5.92 7.40 7.40 7.40 7.40
23 22 3.73 3.73 3.73 3.73 4.05 4.05 4.05 4.05
23 21 2.31 2.31 2.31 2.31 2.38 2.38 2.38 2.38
23 20 1.49 1.49 1.49 1.49 1.51 1.51 1.51 1.51
23 19 1.12 1.12 1.12 1.12 1.13 1.13 1.13 1.13
23 18 1.01 1.01 1.01 1.01 1.02 1.02 1.02 1.02
23 17 0.95 0.96 0.95 0.96 0.96 0.96 0.96 0.96
23 16 0.93 0.93 0.93 0.93 0.93 0.93 0.93 0.93
23 15 0.91 0.91 0.91 0.91 0.91 0.92 0.92 0.92
23 14 0.90 0.90 0.90 0.90 0.91 0.91 0.91 0.91
23 13 0.89 0.89 0.89 0.89 0.90 0.90 0.90 0.90
23 12 0.89 0.89 0.89 0.89 0.90 0.90 0.90 0.90
23 11 0.93 0.93 0.93 0.93 0.94 0.94 0.94 0.94
23 10 0.94 0.94 0.94 0.94 0.95 0.95 0.95 0.95
23 9 0.97 0.97 0.97 0.97 0.98 0.98 0.98 0.98
23 8 1.08 1.08 1.08 1.08 1.09 1.09 1.09 1.09
23 7 1.25 1.25 1.25 1.25 1.26 1.26 1.26 1.26
23 6 9.01 9.02 9.01 9.01 21.51 21.52 21.51 21.51
23 5 9.94 9.94 9.94 9.94 10573.53 10573.53 10573.53 10573.53
23 4 9.94 9.94 9.94 9.94 9012.53 9012.55 9012.50 9012.54
23 3 9.93 9.93 9.93 9.93 395.62 395.62 395.62 395.62
23 2 9.94 9.94 9.94 9.94 711.18 711.19 711.18 711.19
23 1 9.94 9.94 9.94 9.94 1378.94 1378.95 1378.94 1378.95
23 0 9.94 9.94 9.94 9.94 2741.94 2741.96 2741.92 2741.95

24 30 9.50 9.50 9.50 9.50 32.56 32.56 32.56 32.56
24 29 9.35 9.35 9.35 9.35 27.63 27.63 27.63 27.63
24 28 9.06 9.06 9.06 9.06 22.13 22.13 22.13 22.13
24 27 8.53 8.53 8.53 8.53 16.75 16.75 16.75 16.75
24 26 7.55 7.55 7.55 7.55 11.67 11.67 11.67 11.67
24 25 5.95 5.95 5.95 5.95 7.46 7.46 7.46 7.46
24 24 4.06 4.06 4.06 4.06 4.46 4.46 4.46 4.46
24 23 2.61 2.61 2.61 2.61 2.72 2.72 2.72 2.72
24 22 1.79 1.79 1.79 1.79 1.83 1.83 1.83 1.83
24 21 1.28 1.28 1.28 1.28 1.30 1.30 1.30 1.30
24 20 1.03 1.03 1.03 1.03 1.04 1.04 1.04 1.04
24 19 0.95 0.95 0.95 0.95 0.96 0.96 0.96 0.96
24 18 0.92 0.92 0.92 0.92 0.93 0.93 0.93 0.93
24 17 0.90 0.90 0.90 0.90 0.91 0.91 0.91 0.91
24 16 0.89 0.89 0.89 0.89 0.89 0.89 0.89 0.89
24 15 0.88 0.88 0.88 0.88 0.89 0.89 0.89 0.89
24 14 0.88 0.88 0.88 0.88 0.88 0.88 0.88 0.88
24 13 0.87 0.87 0.87 0.87 0.88 0.88 0.88 0.88
24 12 0.88 0.88 0.88 0.88 0.89 0.89 0.89 0.89
24 11 0.92 0.92 0.92 0.92 0.93 0.93 0.93 0.93
24 10 0.93 0.93 0.93 0.93 0.94 0.94 0.94 0.94
24 9 0.96 0.96 0.96 0.96 0.97 0.97 0.97 0.97
24 8 1.07 1.07 1.07 1.07 1.09 1.09 1.09 1.09
24 7 1.25 1.25 1.25 1.25 1.26 1.26 1.26 1.26
24 6 9.00 9.00 9.00 9.00 21.30 21.31 21.30 21.30
24 5 9.94 9.94 9.94 9.94 10291.42 10291.42 10291.42 10291.42
24 4 9.94 9.94 9.94 9.94 8302.38 8302.40 8302.35 8302.39
24 3 9.93 9.93 9.93 9.93 361.79 361.79 361.79 361.79
24 2 9.94 9.94 9.94 9.94 689.12 689.12 689.11 689.12
24 1 9.94 9.94 9.94 9.94 1359.53 1359.53 1359.52 1359.53
24 0 9.94 9.94 9.94 9.94 2720.86 2720.88 2720.84 2720.87

25 30 8.20 8.20 8.20 8.20 14.60 14.60 14.60 14.60
25 29 7.59 7.59 7.59 7.59 11.83 11.83 11.83 11.83
25 28 6.70 6.70 6.70 6.70 9.13 9.13 9.13 9.13
25 27 5.46 5.46 5.46 5.46 6.58 6.58 6.58 6.58
25 26 4.03 4.03 4.03 4.03 4.43 4.43 4.43 4.43
25 25 2.76 2.76 2.76 2.76 2.89 2.89 2.89 2.89
25 24 1.95 1.95 1.95 1.95 2.00 2.00 2.00 2.00
25 23 1.46 1.46 1.46 1.46 1.48 1.48 1.48 1.48
25 22 1.13 1.13 1.13 1.13 1.15 1.15 1.15 1.15
25 21 0.96 0.96 0.96 0.96 0.97 0.97 0.97 0.97
25 20 0.91 0.91 0.91 0.91 0.92 0.92 0.92 0.92
25 19 0.90 0.90 0.90 0.90 0.91 0.91 0.91 0.91
25 18 0.89 0.89 0.89 0.89 0.90 0.90 0.90 0.90
25 17 0.87 0.87 0.87 0.87 0.88 0.88 0.88 0.88
25 16 0.87 0.87 0.87 0.87 0.87 0.87 0.87 0.87
25 15 0.86 0.86 0.86 0.86 0.87 0.87 0.87 0.87
25 14 0.86 0.86 0.86 0.86 0.87 0.87 0.87 0.87
25 13 0.86 0.86 0.86 0.86 0.87 0.87 0.87 0.87
25 12 0.87 0.87 0.87 0.87 0.88 0.88 0.88 0.88
25 11 0.91 0.91 0.91 0.91 0.92 0.92 0.92 0.92
25 10 0.92 0.92 0.92 0.92 0.93 0.93 0.93 0.93
25 9 0.94 0.94 0.94 0.94 0.95 0.95 0.95 0.95
25 8 1.06 1.06 1.06 1.06 1.07 1.07 1.07 1.07
25 7 1.23 1.24 1.23 1.24 1.25 1.25 1.25 1.25
25 6 8.25 8.26 8.25 8.25 14.88 14.90 14.89 14.89
25 5 9.94 9.94 9.94 9.94 9989.59 9989.59 9989.59 9989.59
25 4 9.94 9.94 9.94 9.94 7486.06 7486.09 7486.03 7486.08
25 3 9.93 9.93 9.93 9.93 344.69 344.69 344.69 344.69
25 2 9.94 9.94 9.94 9.94 675.73 675.73 675.73 675.73
25 1 9.94 9.94 9.94 9.94 1346.50 1346.50 1346.49 1346.50
25 0 9.94 9.94 9.94 9.94 2704.32 2704.34 2704.29 2704.33

26 30 5.47 5.47 5.47 5.47 6.58 6.58 6.58 6.58
26 29 4.61 4.61 4.61 4.61 5.23 5.23 5.23 5.23
26 28 3.66 3.66 3.66 3.66 3.95 3.95 3.95 3.95
26 27 2.74 2.74 2.74 2.74 2.86 2.86 2.86 2.86
26 26 2.03 2.03 2.03 2.03 2.08 2.08 2.08 2.08
26 25 1.53 1.53 1.53 1.53 1.56 1.56 1.56 1.56
26 24 1.24 1.24 1.24 1.24 1.26 1.26 1.26 1.26
26 23 1.03 1.03 1.03 1.03 1.04 1.04 1.04 1.04
26 22 0.92 0.92 0.92 0.92 0.93 0.93 0.93 0.93
26 21 0.89 0.89 0.89 0.89 0.90 0.90 0.90 0.90
26 20 0.88 0.88 0.88 0.88 0.89 0.89 0.89 0.89
26 19 0.88 0.88 0.88 0.88 0.89 0.89 0.89 0.89
26 18 0.87 0.87 0.87 0.87 0.88 0.88 0.88 0.88
26 17 0.85 0.85 0.85 0.85 0.86 0.86 0.86 0.86
26 16 0.85 0.85 0.85 0.85 0.86 0.86 0.86 0.86
26 15 0.85 0.85 0.85 0.85 0.86 0.86 0.86 0.86
26 14 0.86 0.86 0.86 0.86 0.87 0.87 0.87 0.87
26 13 0.85 0.85 0.85 0.85 0.86 0.86 0.86 0.86
26 12 0.86 0.86 0.86 0.86 0.87 0.87 0.87 0.87
26 11 0.90 0.90 0.90 0.90 0.91 0.91 0.91 0.91
26 10 0.92 0.92 0.92 0.92 0.92 0.92 0.92 0.92
26 9 0.95 0.95 0.95 0.95 0.96 0.96 0.96 0.96
26 8 1.06 1.06 1.06 1.06 1.07 1.07 1.07 1.07
26 7 1.23 1.23 1.23 1.23 1.24 1.25 1.24 1.25
26 6 7.63 7.64 7.63 7.64 11.99 12.00 11.99 12.00
26 5 9.94 9.94 9.94 9.94 9674.01 9674.02 9674.02 9674.02
26 4 9.94 9.94 9.94 9.94 6525.38 6525.40 6525.35 6525.40
26 3 9.93 9.93 9.93 9.93 334.84 334.84 334.84 334.84
26 2 9.94 9.94 9.94 9.94 667.10 667.10 667.10 667.10
26 1 9.94 9.94 9.94 9.94 1337.08 1337.08 1337.07 1337.08
26 0 9.94 9.94 9.94 9.94 2689.84 2689.86 2689.81 2689.86

27 30 3.12 3.12 3.12 3.12 3.30 3.30 3.30 3.30
27 29 2.54 2.54 2.54 2.54 2.64 2.64 2.64 2.64
27 28 2.01 2.01 2.01 2.01 2.06 2.06 2.06 2.06
27 27 1.58 1.58 1.58 1.58 1.61 1.61 1.61 1.61
27 26 1.29 1.29 1.29 1.29 1.31 1.31 1.31 1.31
27 25 1.10 1.10 1.10 1.10 1.11 1.11 1.11 1.11
27 24 0.96 0.96 0.96 0.96 0.97 0.97 0.97 0.97
27 23 0.89 0.89 0.89 0.89 0.90 0.90 0.90 0.90
27 22 0.88 0.88 0.88 0.88 0.89 0.89 0.89 0.89
27 21 0.87 0.87 0.87 0.87 0.88 0.88 0.88 0.88
27 20 0.87 0.87 0.87 0.87 0.88 0.88 0.88 0.88
27 19 0.87 0.87 0.87 0.87 0.88 0.88 0.88 0.88
27 18 0.84 0.84 0.84 0.84 0.85 0.85 0.85 0.85
27 17 0.85 0.85 0.85 0.85 0.85 0.85 0.85 0.85
27 16 0.85 0.85 0.85 0.85 0.85 0.85 0.85 0.85
27 15 0.85 0.85 0.85 0.85 0.86 0.86 0.86 0.86
27 14 0.85 0.85 0.85 0.85 0.86 0.86 0.86 0.86
27 13 0.84 0.85 0.85 0.85 0.85 0.85 0.85 0.85
27 12 0.86 0.86 0.86 0.86 0.86 0.87 0.87 0.87
27 11 0.89 0.89 0.89 0.89 0.90 0.90 0.90 0.90
27 10 0.91 0.91 0.91 0.91 0.92 0.92 0.92 0.92
27 9 0.94 0.94 0.94 0.94 0.95 0.95 0.95 0.95
27 8 1.05 1.05 1.05 1.05 1.06 1.06 1.06 1.06
27 7 1.21 1.21 1.21 1.21 1.23 1.23 1.23 1.23
27 6 7.59 7.61 7.60 7.60 11.84 11.86 11.85 11.86
27 5 9.94 9.94 9.94 9.94 9351.87 9351.87 9351.87 9351.87
27 4 9.94 9.94 9.94 9.94 5278.04 5278.06 5278.01 5278.05
27 3 9.93 9.93 9.93 9.93 328.70 328.70 328.70 328.70
27 2 9.94 9.94 9.94 9.94 661.16 661.16 661.15 661.16
27 1 9.94 9.94 9.94 9.94 1329.54 1329.55 1329.53 1329.55
27 0 9.94 9.94 9.94 9.94 2675.36 2675.39 2675.33 2675.38

28 30 1.90 1.90 1.90 1.90 1.94 1.94 1.94 1.94
28 29 1.58 1.58 1.58 1.58 1.60 1.60 1.60 1.60
28 28 1.32 1.32 1.32 1.32 1.34 1.34 1.34 1.34
28 27 1.13 1.13 1.13 1.13 1.15 1.15 1.15 1.15
28 26 1.01 1.01 1.01 1.01 1.02 1.02 1.02 1.02
28 25 0.92 0.92 0.92 0.92 0.93 0.93 0.93 0.93
28 24 0.88 0.88 0.88 0.88 0.89 0.89 0.89 0.89
28 23 0.87 0.87 0.87 0.87 0.88 0.88 0.88 0.88
28 22 0.87 0.87 0.87 0.87 0.88 0.88 0.88 0.88
28 21 0.87 0.87 0.87 0.87 0.88 0.88 0.88 0.88
28 20 0.87 0.87 0.87 0.87 0.88 0.88 0.88 0.88
28 19 0.87 0.87 0.87 0.87 0.87 0.87 0.87 0.87
28 18 0.84 0.84 0.84 0.84 0.85 0.85 0.85 0.85
28 17 0.84 0.84 0.84 0.84 0.85 0.85 0.85 0.85
28 16 0.84 0.84 0.84 0.84 0.85 0.85 0.85 0.85
28 15 0.85 0.85 0.85 0.85 0.86 0.86 0.86 0.86
28 14 0.85 0.85 0.85 0.85 0.86 0.86 0.86 0.86
28 13 0.85 0.85 0.85 0.85 0.86 0.86 0.86 0.86
28 12 0.86 0.86 0.86 0.86 0.86 0.87 0.87 0.87
28 11 0.89 0.89 0.89 0.89 0.90 0.90 0.90 0.90
28 10 0.91 0.91 0.91 0.91 0.92 0.92 0.92 0.92
28 9 0.93 0.93 0.93 0.93 0.94 0.94 0.94 0.94
28 8 1.04 1.04 1.04 1.04 1.05 1.05 1.05 1.05
28 7 1.21 1.21 1.21 1.21 1.22 1.22 1.22 1.22
28 6 7.55 7.57 7.56 7.57 11.70 11.73 11.71 11.72
28 5 9.94 9.94 9.94 9.94 9030.82 9030.83 9030.83 9030.83
28 4 9.92 9.92 9.92 9.92 159.05 159.05 159.04 159.05
28 3 9.93 9.93 9.93 9.93 324.60 324.60 324.59 324.60
28 2 9.94 9.94 9.94 9.94 656.63 656.64 656.63 656.64
28 1 9.94 9.94 9.94 9.94 1322.32 1322.33 1322.30 1322.33
28 0 9.94 9.94 9.94 9.94 2657.46 2657.49 2657.42 2657.49

29 30 1.30 1.30 1.30 1.30 1.32 1.32 1.32 1.32
29 29 1.15 1.15 1.15 1.15 1.16 1.16 1.16 1.16
29 28 1.04 1.04 1.04 1.04 1.05 1.05 1.05 1.05
29 27 0.96 0.96 0.96 0.96 0.97 0.97 0.97 0.97
29 26 0.91 0.91 0.91 0.91 0.92 0.92 0.92 0.92
29 25 0.88 0.88 0.88 0.88 0.89 0.89 0.89 0.89
29 24 0.87 0.87 0.87 0.87 0.88 0.88 0.88 0.88
29 23 0.87 0.87 0.87 0.87 0.88 0.88 0.88 0.88
29 22 0.87 0.87 0.87 0.87 0.88 0.88 0.88 0.88
29 21 0.87 0.87 0.87 0.87 0.88 0.88 0.88 0.88
29 20 0.87 0.87 0.87 0.87 0.88 0.88 0.88 0.88
29 19 0.85 0.85 0.85 0.85 0.86 0.86 0.86 0.86
29 18 0.84 0.84 0.84 0.84 0.84 0.84 0.84 0.84
29 17 0.84 0.84 0.84 0.84 0.84 0.85 0.85 0.85
29 16 0.83 0.83 0.83 0.83 0.84 0.84 0.84 0.84
29 15 0.85 0.85 0.85 0.85 0.85 0.85 0.85 0.85
29 14 0.84 0.85 0.85 0.85 0.85 0.85 0.85 0.85
29 13 0.85 0.85 0.85 0.85 0.85 0.86 0.86 0.86
29 12 0.85 0.86 0.86 0.86 0.86 0.86 0.86 0.86
29 11 0.89 0.89 0.89 0.89 0.90 0.90 0.90 0.90
29 10 0.91 0.91 0.91 0.91 0.91 0.91 0.91 0.91
29 9 0.93 0.93 0.93 0.93 0.94 0.94 0.94 0.94
29 8 1.03 1.04 1.04 1.04 1.05 1.05 1.05 1.05
29 7 1.20 1.20 1.20 1.20 1.22 1.22 1.22 1.22
29 6 6.29 6.30 6.29 6.30 8.16 8.18 8.17 8.18
29 5 8.93 8.96 8.94 8.93 20.58 20.64 20.60 20.58
29 4 9.92 9.92 9.92 9.92 155.94 155.94 155.94 155.94
29 3 9.93 9.93 9.93 9.93 321.48 321.48 321.47 321.48
29 2 9.94 9.94 9.94 9.94 652.04 652.04 652.03 652.04
29 1 9.94 9.94 9.94 9.94 1311.42 1311.44 1311.40 1311.44
29 0 9.94 9.94 9.94 9.94 2622.05 2622.10 2621.97 2622.09

30 30 1.06 1.06 1.06 1.06 1.07 1.07 1.07 1.07
30 29 0.98 0.98 0.98 0.98 0.99 0.99 0.99 0.99
30 28 0.93 0.93 0.93 0.93 0.94 0.94 0.94 0.94
30 27 0.91 0.91 0.91 0.91 0.92 0.92 0.92 0.92
30 26 0.89 0.89 0.89 0.89 0.90 0.90 0.90 0.90
30 25 0.88 0.88 0.88 0.88 0.89 0.89 0.89 0.89
30 24 0.87 0.87 0.87 0.87 0.87 0.87 0.87 0.87
30 23 0.87 0.87 0.87 0.87 0.87 0.87 0.87 0.87
30 22 0.87 0.87 0.87 0.87 0.87 0.87 0.87 0.87
30 21 0.87 0.87 0.87 0.87 0.87 0.87 0.87 0.87
30 20 0.87 0.87 0.87 0.87 0.88 0.88 0.88 0.88
30 19 0.84 0.84 0.84 0.84 0.85 0.85 0.85 0.85
30 18 0.83 0.83 0.83 0.83 0.84 0.84 0.84 0.84
30 17 0.82 0.82 0.82 0.82 0.83 0.83 0.83 0.83
30 16 0.83 0.83 0.83 0.83 0.84 0.84 0.84 0.84
30 15 0.84 0.84 0.84 0.84 0.84 0.84 0.84 0.84
30 14 0.85 0.85 0.85 0.85 0.85 0.86 0.86 0.86
30 13 0.84 0.85 0.85 0.85 0.85 0.85 0.85 0.85
30 12 0.85 0.86 0.86 0.86 0.86 0.86 0.86 0.86
30 11 0.89 0.89 0.89 0.89 0.90 0.90 0.90 0.90
30 10 0.90 0.90 0.90 0.90 0.91 0.91 0.91 0.91
30 9 0.93 0.93 0.93 0.93 0.94 0.94 0.94 0.94
30 8 1.03 1.03 1.03 1.03 1.04 1.04 1.04 1.04
30 7 1.19 1.19 1.19 1.19 1.20 1.20 1.20 1.20
30 6 5.68 5.70 5.69 5.70 6.97 6.99 6.98 6.99
30 5 8.87 8.91 8.88 8.87 19.93 20.00 19.95 19.93
30 4 9.92 9.92 9.92 9.92 152.74 152.74 152.73 152.74
30 3 9.93 9.93 9.93 9.93 310.13 310.15 310.11 310.15
30 2 9.94 9.94 9.93 9.94 584.04 584.14 583.90 584.12
30 1 9.94 9.94 9.93 9.94 932.05 932.47 931.46 932.38
30 0 9.94 9.95 9.92 9.95 1093.18 1094.52 1091.30 1094.20

